Cell	Mean division time (minutes at 22 degrees C).  Start times aligned to ABala division = 74' 	Mean division time (minutes) - normalized to Sulston rate (20 degrees C)	Parent	Birth	Mean cell cycle length (minutes) - normalized to Sulston rate (20 degrees C)	Division Time Stdev (minutes at 20C)	Cell Cycle Stdev (minutes at 20C)	Division Time CV	Cell Cycle CV	# of embryos in which division was observed	# of embryos in which birth was observed	Mean Movement rate (microns per minute)	Mean movement distance (microns)
P0	2	2	P	1	2	6.602	0.666	0.157	0.055	10	0	1.02	1.14
AB	18	18	P0	3	16	6.602	0.666	0.157	0.055	10	10	1.02	1.14
P1	22	22	P0	3	20	6.602	0.666	0.157	0.055	10	10	1.02	1.14
ABa	42	42	AB	19	12	6.602	0.666	0.157	0.055	6	10	1.02	1.14
ABp	42	42	AB	19	12	6.679	0.485	0.159	0.04	6	10	1.91	1.96
EMS	48	45	P1	23	14	5.717	0.308	0.127	0.022	6	10	0.79	1.66
P2	50	48	P1	23	18	4.664	1.065	0.099	0.059	6	10	0.3	1.55
ABal	57	55	ABa	43	12	3.247	3.951	0.059	0.329	21	6	0.38	2.41
ABar	57	55	ABa	43	12	3.164	3.838	0.058	0.32	21	6	0.64	4
ABpl	57	55	ABp	43	12	3.214	3.866	0.058	0.322	21	6	0.73	5.13
ABpr	57	55	ABp	43	12	3.106	3.925	0.056	0.327	21	6	0.29	1.98
MS	62	61	EMS	46	15	2.133	2.711	0.035	0.181	21	6	0.15	2.5
E	63	62	EMS	46	17	1.996	2.877	0.032	0.18	21	6	0.21	1.69
C	67	66	P2	49	18	2.157	1.6	0.033	0.089	21	6	0.32	3.38
P3	73	74	P2	49	25	1.828	1.929	0.025	0.077	21	6	0.09	3.34
ABpla	73	73	ABpl	56	16	1.578	2.105	0.022	0.132	22	21	0.34	2.37
ABarp	73	74	ABar	56	17	1.789	1.755	0.025	0.103	22	21	0.04	0.85
ABala	74	74	ABal	56	17	1.581	2.055	0.021	0.121	22	21	0.18	1.67
ABalp	73	74	ABal	56	17	1.666	2.073	0.023	0.122	22	21	0.26	3.11
ABara	73	74	ABar	56	17	1.783	1.959	0.024	0.115	22	21	0.29	2.38
ABplp	73	74	ABpl	56	17	1.756	1.935	0.024	0.114	22	21	0.12	2
ABpra	73	74	ABpr	56	17	1.811	1.872	0.024	0.11	22	21	0.13	1.89
ABprp	73	74	ABpr	56	17	1.661	1.949	0.022	0.115	22	21	0.18	1.42
MSa	82	84	MS	62	21	1.744	1.342	0.021	0.064	22	21	0.2	1.73
MSp	82	84	MS	62	22	1.782	1.376	0.021	0.063	22	21	0.14	1.95
Ea	101	107	E	63	42	2.144	2.695	0.02	0.063	22	21	0.22	3.48
Ep	103	109	E	63	44	1.8	2.491	0.017	0.055	22	21	0.15	2.82
Ca	89	93	C	67	25	1.918	1.511	0.021	0.06	22	21	0.1	1.31
Cp	89	93	C	67	25	2.293	1.729	0.025	0.069	22	21	0.12	1.24
ABplaa	96	101	ABpla	74	26	1.292	1.447	0.013	0.056	22	22	0.07	1.02
ABplap	96	101	ABpla	74	26	1.408	1.525	0.014	0.059	22	22	0.15	1.23
ABalpa	97	101	ABalp	75	26	1.27	1.462	0.013	0.056	22	22	0.11	1.54
ABaraa	96	101	ABara	75	25	1.28	1.459	0.013	0.058	22	22	0.1	1.17
ABarap	96	101	ABara	75	25	1.247	1.475	0.012	0.059	22	22	0.07	0.85
ABpraa	96	101	ABpra	75	25	1.382	1.618	0.014	0.065	22	22	0.09	0.98
ABprap	96	101	ABpra	75	25	1.453	1.289	0.014	0.052	22	22	0.15	1.3
ABalaa	97	102	ABala	75	26	1.051	1.549	0.01	0.06	22	22	0.03	0.69
ABalap	97	102	ABala	75	26	1.342	1.287	0.013	0.049	22	22	0.07	0.88
ABalpp	97	102	ABalp	75	26	1.102	1.413	0.011	0.054	22	22	0.11	1.58
ABplpa	97	102	ABplp	75	26	1.214	1.289	0.012	0.05	22	22	0.05	0.89
ABprpa	97	102	ABprp	75	26	1.308	1.222	0.013	0.047	22	22	0.21	1.93
ABarpa	98	102	ABarp	75	27	1.459	1.124	0.014	0.042	22	22	0.11	1.11
ABplpp	98	103	ABplp	75	27	1.439	1.336	0.014	0.049	22	22	0.15	1.38
ABprpp	98	103	ABprp	75	27	1.393	1.064	0.014	0.039	22	22	0.18	1.61
ABarpp	99	104	ABarp	75	28	1.324	1.64	0.013	0.057	22	22	0.03	1.34
D	107	113	P3	75	37	4.343	3.789	0.038	0.1	22	21	0.26	4.01
P4	131	141	P3	75	65	6.122	5.475	0.043	0.082	22	21	0.21	4.32
MSaa	105	112	MSa	85	26	1.609	1.567	0.014	0.06	22	22	0.07	1.29
MSpa	106	112	MSp	85	26	1.514	1.299	0.014	0.05	22	22	0.05	1.44
MSap	108	115	MSa	85	29	1.594	1.364	0.014	0.047	22	22	0.16	1.63
MSpp	108	115	MSp	85	29	2.026	1.23	0.018	0.042	22	22	0.2	1.79
Cpa	118	126	Cp	94	32	3.399	2.314	0.027	0.072	22	22	0.1	1.66
Caa	119	127	Ca	94	33	3.439	3.071	0.027	0.093	22	22	0.08	1.19
Cpp	121	130	Cp	94	36	3.706	2.611	0.029	0.073	22	22	0.18	2.29
Cap	123	132	Ca	94	38	3.078	2.594	0.023	0.068	22	22	0.19	2.65
ABplaap	122	131	ABplaa	102	29	1.249	1.42	0.01	0.049	22	22	0.04	0.86
ABplapa	122	131	ABplap	102	29	1.695	1.192	0.013	0.041	22	22	0.11	0.99
ABpraap	122	132	ABpraa	102	29	1.951	1.744	0.015	0.06	22	22	0.17	2.44
ABalpap	123	132	ABalpa	102	29	1.221	1.054	0.009	0.036	22	22	0.05	1.22
ABplaaa	123	132	ABplaa	102	30	1.758	1.18	0.013	0.041	22	22	0.11	0.91
ABplapp	123	132	ABplap	102	29	1.343	1.066	0.01	0.037	22	22	0.08	1.08
ABprapa	123	132	ABprap	102	29	1.989	1.41	0.015	0.049	22	22	0.09	1.69
ABprapp	123	132	ABprap	102	30	1.895	1.429	0.014	0.048	22	22	0.17	1.52
ABalpaa	123	133	ABalpa	102	30	1.162	1.238	0.009	0.041	22	22	0.1	1.26
ABaraap	124	133	ABaraa	102	30	1.302	1.099	0.01	0.037	22	22	0.11	1.18
ABarapa	124	133	ABarap	102	30	1.699	1.166	0.013	0.039	22	22	0.06	1.59
ABarapp	124	133	ABarap	102	30	1.492	0.974	0.011	0.032	22	22	0.19	1.78
ABpraaa	124	133	ABpraa	102	31	1.942	1.35	0.015	0.044	22	22	0.13	1.87
ABaraaa	124	134	ABaraa	102	31	1.791	1.547	0.013	0.05	22	22	0.05	1.28
ABarpaa	122	131	ABarpa	103	27	1.362	0.783	0.01	0.029	22	22	0.07	0.98
ABplpap	123	132	ABplpa	103	29	1.075	0.848	0.008	0.029	22	22	0.14	1.82
ABalppp	123	133	ABalpp	103	29	0.955	1.009	0.007	0.035	22	22	0.15	1.81
ABarpap	123	133	ABarpa	103	28	1.192	0.96	0.009	0.034	22	22	0.13	1.01
ABprpap	124	133	ABprpa	103	29	1.427	1.179	0.011	0.041	22	22	0.14	1.53
ABalapa	124	134	ABalap	103	30	1.175	1.454	0.009	0.048	22	22	0.1	1.2
ABalapp	124	134	ABalap	103	30	1.503	1.561	0.011	0.052	22	22	0.15	1.77
ABalppa	124	134	ABalpp	103	30	1.116	1.206	0.008	0.04	22	22	0.19	1.88
ABplpaa	124	134	ABplpa	103	30	1.396	1.291	0.01	0.043	22	22	0.21	1.96
ABprpaa	125	134	ABprpa	103	30	1.657	1.228	0.012	0.041	22	22	0.13	1.87
ABalaaa	126	136	ABalaa	103	32	1.524	1.635	0.011	0.051	22	22	0.08	1.62
ABalaap	126	136	ABalaa	103	32	1.557	1.897	0.011	0.057	22	22	0.22	2.81
ABplppp	124	134	ABplpp	104	30	1.166	1.236	0.009	0.041	22	22	0.16	2.11
ABprppp	125	134	ABprpp	104	30	1.127	1.16	0.008	0.039	22	22	0.11	1.11
ABplppa	126	135	ABplpp	104	31	1.11	1.612	0.008	0.052	22	22	0.23	1.99
ABprppa	126	136	ABprpp	104	31	1.186	1.456	0.009	0.047	22	22	0.08	1.46
ABarppa	124	134	ABarpp	105	28	1.527	0.942	0.011	0.034	22	22	0.06	1.22
ABarppp	125	134	ABarpp	105	29	1.429	0.991	0.011	0.034	22	22	0.13	1.54
Eal	142	154	Ea	108	46	2.838	1.915	0.018	0.042	22	22	0.05	1.99
Ear	143	156	Ea	108	47	2.886	2.013	0.019	0.043	22	22	0.06	1.63
Epl	146	159	Ep	110	49	3.648	2.274	0.023	0.046	22	22	0.04	1.06
Epr	147	160	Ep	110	49	4.394	3.286	0.027	0.066	22	22	0.04	1.66
MSaaa	133	144	MSaa	113	30	1.932	1.218	0.013	0.041	22	22	0.06	1.23
MSaap	133	144	MSaa	113	31	1.838	1.025	0.013	0.033	22	22	0.07	0.97
MSpaa	134	145	MSpa	113	31	1.633	1.233	0.011	0.04	22	22	0.07	1.2
MSpap	134	145	MSpa	113	31	1.631	1.133	0.011	0.037	22	22	0.06	1.07
Dp	147	160	D	114	46	4.129	3.384	0.026	0.074	22	22	0.11	1.58
Da	147	160	D	114	46	5.801	3.369	0.036	0.073	22	22	0.13	2.31
MSapa	137	148	MSap	116	32	2.169	1.215	0.015	0.038	22	22	0.04	1.32
MSapp	137	149	MSap	116	33	2.539	1.592	0.017	0.048	22	22	0.08	1.68
MSppa	137	149	MSpp	116	32	2.102	0.99	0.014	0.031	22	22	0.07	1.56
MSppp	138	149	MSpp	116	33	2.687	1.185	0.018	0.036	22	22	0.08	1.43
Cpaa	151	164	Cpa	127	37	6.52	3.838	0.04	0.104	22	22	0.11	1.61
Cpap	153	166	Cpa	127	38	6.665	3.733	0.04	0.096	22	22	0.14	1.88
Caaa	153	167	Caa	128	38	5.111	3.752	0.031	0.099	22	22	0.36	3.35
Caap	160	175	Caa	128	46	5.107	3.318	0.029	0.072	22	22	0.31	4.11
Cppp	161	177	Cpp	131	45	3.877	1.733	0.022	0.039	22	22	0.12	2.87
Cppa	168	185	Cpp	131	53	3.879	1.266	0.021	0.024	22	22	0.24	4.01
ABplaapp	152	166	ABplaap	132	34	2.256	1.766	0.014	0.052	22	22	0.17	2.62
ABplapap	153	167	ABplapa	132	35	1.836	1.676	0.011	0.048	22	22	0.32	4.29
ABarpaap	154	168	ABarpaa	132	35	1.759	1.608	0.01	0.046	22	22	0.2	2.87
ABplaapa	155	170	ABplaap	132	37	2.626	1.835	0.015	0.05	22	22	0.15	2.76
ABplapaa	156	171	ABplapa	132	39	1.811	1.768	0.011	0.045	22	22	0.32	4.82
ABarpaaa	163	179	ABarpaa	132	45	3.099	3.449	0.017	0.075	22	22	0.35	5.61
ABalpapp	153	167	ABalpap	133	33	1.656	1.232	0.01	0.037	22	22	0.13	2.55
ABplpapp	153	167	ABplpap	133	34	1.515	1.311	0.009	0.04	22	22	0.19	3.15
ABpraapp	153	168	ABpraap	133	35	2.628	1.176	0.016	0.034	22	22	0.15	1.67
ABprapap	155	169	ABprapa	133	36	1.55	1.372	0.009	0.038	22	22	0.09	0.9
ABplaaaa	155	170	ABplaaa	133	36	2.7	1.474	0.016	0.041	22	22	0.18	3.12
ABplpapa	155	170	ABplpap	133	36	1.562	1.217	0.009	0.034	22	22	0.21	3.6
ABplappa	156	171	ABplapp	133	37	1.665	1.717	0.01	0.046	22	22	0.3	4.36
ABalpapa	156	171	ABalpap	133	37	1.699	1.569	0.01	0.042	22	22	0.13	1.76
ABplaaap	156	171	ABplaaa	133	38	2.826	2.048	0.017	0.054	22	22	0.22	3.18
ABpraapa	156	172	ABpraap	133	38	3.37	1.976	0.02	0.052	22	22	0.26	3.55
ABplappp	158	173	ABplapp	133	40	1.917	1.425	0.011	0.036	22	22	0.33	3.8
ABprapaa	158	173	ABprapa	133	40	1.714	2.084	0.01	0.052	22	22	0.19	3.02
ABprappa	158	173	ABprapp	133	39	2.073	1.831	0.012	0.047	22	22	0.08	1.09
ABprappp	160	175	ABprapp	133	41	2.096	1.294	0.012	0.032	22	22	0.1	1.68
Capp	164	180	Cap	133	47	3.538	2.092	0.02	0.045	22	22	0.18	3.69
Capa	170	188	Cap	133	54	3.994	2.574	0.021	0.048	22	22	0.33	7.46
ABalpppp	153	168	ABalppp	134	34	1.585	1.205	0.009	0.037	22	22	0.13	1.93
ABarapap	154	169	ABarapa	134	34	2.474	1.268	0.015	0.037	22	22	0.13	1.85
ABalpaap	154	169	ABalpaa	134	34	1.692	1.518	0.01	0.045	22	22	0.07	1.11
ABprpapp	155	169	ABprpap	134	35	1.693	1.133	0.01	0.032	22	22	0.24	3.47
ABaraapp	155	170	ABaraap	134	35	1.851	1.524	0.011	0.044	22	22	0.07	1.63
ABarappp	155	170	ABarapp	134	35	1.999	1.354	0.012	0.039	22	22	0.18	2.6
ABarpapa	155	170	ABarpap	134	35	1.535	1.305	0.009	0.036	22	22	0.26	3.7
ABarpapp	156	170	ABarpap	134	36	2.446	2.055	0.014	0.057	22	22	0.23	3.1
ABpraaap	156	171	ABpraaa	134	36	2.237	0.986	0.013	0.027	22	22	0.17	2.19
ABprpapa	156	171	ABprpap	134	37	2.043	1.291	0.012	0.035	22	22	0.32	3.59
ABalpppa	157	172	ABalppp	134	38	1.411	1.131	0.008	0.03	22	22	0.14	2.11
ABaraapa	157	172	ABaraap	134	38	2.43	1.925	0.014	0.051	22	22	0.13	1.57
ABarappa	157	173	ABarapp	134	38	2.218	1.749	0.013	0.046	22	22	0.07	1.27
ABarapaa	158	173	ABarapa	134	38	2.752	1.56	0.016	0.041	22	22	0.14	1.64
ABpraaaa	160	176	ABpraaa	134	41	2.638	1.826	0.015	0.045	22	22	0.22	2.11
ABalpaaa	161	176	ABalpaa	134	42	2.485	2.23	0.014	0.053	22	22	0.09	1.27
ABalapap	155	170	ABalapa	135	35	1.952	1.222	0.011	0.035	22	22	0.19	2.98
ABaraaap	156	170	ABaraaa	135	35	2.354	1.763	0.014	0.05	22	22	0.02	1.1
ABplpppp	156	170	ABplppp	135	35	1.32	1.119	0.008	0.032	22	22	0.23	3.21
ABalappp	156	171	ABalapp	135	35	2.242	1.374	0.013	0.039	22	22	0.06	1
ABalppap	156	171	ABalppa	135	35	1.641	1.145	0.01	0.033	22	22	0.26	3.64
ABplpaap	156	171	ABplpaa	135	35	1.876	1.298	0.011	0.037	22	22	0.17	3.24
ABprpaap	156	171	ABprpaa	135	35	2.161	1.355	0.013	0.039	22	22	0.23	3.18
ABprpppp	156	171	ABprppp	135	35	1.448	0.9	0.008	0.025	22	22	0.23	3.52
ABplpaaa	157	172	ABplpaa	135	36	2.097	1.602	0.012	0.044	22	22	0.22	3.19
ABplpppa	157	172	ABplppp	135	36	1.366	1.235	0.008	0.034	22	22	0.17	2.16
ABprpaaa	157	172	ABprpaa	135	36	2.105	1.54	0.012	0.042	22	22	0.32	3.85
ABprpppa	157	172	ABprppp	135	37	1.383	0.99	0.008	0.028	22	22	0.21	2.94
ABalapaa	159	174	ABalapa	135	39	2.438	1.824	0.014	0.047	22	22	0.23	3.54
ABarpppa	159	174	ABarppp	135	38	1.768	1.392	0.01	0.037	22	22	0.16	2.19
ABarppaa	160	175	ABarppa	135	40	1.998	1.473	0.011	0.037	22	22	0.31	4.84
ABarpppp	161	176	ABarppp	135	40	1.655	1.441	0.009	0.035	22	22	0.08	0.83
ABalappa	162	177	ABalapp	135	42	2.811	1.935	0.016	0.046	22	22	0.18	2.59
ABarppap	161	177	ABarppa	135	41	1.996	1.672	0.011	0.041	22	22	0.29	3.91
ABalppaa	162	178	ABalppa	135	42	2.231	1.825	0.013	0.043	22	22	0.2	3.11
ABaraaaa	162	178	ABaraaa	135	43	3.086	2.781	0.017	0.065	22	22	0.13	1.99
ABplppap	160	175	ABplppa	136	38	1.707	1.927	0.01	0.051	22	22	0.23	3.98
ABplppaa	162	178	ABplppa	136	41	2.227	2.464	0.013	0.06	22	22	0.28	4.99
ABalaaap	159	174	ABalaaa	137	37	3.078	1.965	0.018	0.053	22	22	0.16	2.37
ABalaapp	159	174	ABalaap	137	36	2.057	1.269	0.012	0.034	22	22	0.27	3.99
ABprppap	159	175	ABprppa	137	37	1.591	1.389	0.009	0.037	22	22	0.24	3.75
ABprppaa	163	178	ABprppa	137	41	1.867	1.735	0.01	0.042	22	22	0.3	3.63
ABalaaaa	164	180	ABalaaa	137	43	3.266	1.996	0.018	0.046	22	22	0.21	4.38
ABalaapa	164	180	ABalaap	137	42	2.728	2.47	0.015	0.057	22	22	0.22	3.41
Z2	n/a	n/a	P4	142	n/a	n/a	n/a	n/a	n/a	0	22	0.06	3.5
Z3	n/a	n/a	P4	142	n/a	n/a	n/a	n/a	n/a	0	22	0.03	2.42
MSaaaa	162	178	MSaaa	145	32	2.109	0.832	0.012	0.025	22	22	0.2	2.67
MSaapa	162	178	MSaap	145	33	1.844	1.109	0.01	0.034	22	22	0.1	1.59
MSaaap	165	182	MSaaa	145	36	2.457	1.271	0.014	0.035	22	22	0.15	2.13
MSaapp	170	188	MSaap	145	42	2.072	2.123	0.011	0.051	22	22	0.1	1.55
MSpaaa	163	179	MSpaa	146	32	1.699	1.191	0.009	0.037	22	22	0.16	1.81
MSpapa	163	179	MSpap	146	33	1.768	1.071	0.01	0.032	22	22	0.05	0.98
MSpaap	169	186	MSpaa	146	39	2.155	1.988	0.012	0.051	22	22	0.09	1.79
MSpapp	171	188	MSpap	146	42	2.542	1.907	0.014	0.045	22	22	0.11	2.2
MSapaa	171	188	MSapa	149	38	2.052	1.239	0.011	0.033	22	22	0.16	2.1
MSapap	170	188	MSapa	149	38	2.464	1.437	0.013	0.038	22	22	0.15	2.41
MSppap	170	188	MSppa	150	37	2.523	1.375	0.013	0.037	22	22	0.43	4.38
MSppaa	172	189	MSppa	150	39	2.615	1.467	0.014	0.038	22	22	0.32	3.91
MSpppa	175	193	MSppp	150	42	2.858	2.423	0.015	0.058	22	22	0.24	3.49
MSappa	177	195	MSapp	150	44	2.489	2.669	0.013	0.061	22	22	0.1	1.86
MSappp	180	199	MSapp	150	48	3.209	1.973	0.016	0.04	22	22	0.14	2.93
MSpppp	180	199	MSppp	150	48	3.543	3.543	0.018	0.074	22	22	0.34	5.22
Eala	200	223	Eal	155	67	4.426	2.75	0.02	0.041	22	22	0.1	2.44
Ealp	202	226	Eal	155	69	4.684	3.323	0.021	0.048	22	22	0.06	2.1
Eara	205	229	Ear	157	71	5.266	4.072	0.023	0.057	22	22	0.1	2.09
Earp	207	231	Ear	157	73	5.128	4.349	0.022	0.06	22	22	0.04	1.56
Epla	208	231	Epl	160	71	4.4	3.955	0.019	0.056	22	22	0.08	2.04
Eplp	212	237	Epl	160	76	4.646	3.777	0.02	0.05	22	22	0.07	2.22
Dpp	187	206	Dp	161	45	5.309	2.046	0.026	0.045	22	22	0.34	4.5
Dap	188	207	Da	161	45	7.412	2.751	0.036	0.061	22	22	0.19	3.68
Dpa	192	212	Dp	161	50	6.443	3.177	0.03	0.064	22	22	0.27	3.67
Daa	193	213	Da	161	51	7.279	3.602	0.034	0.071	22	22	0.14	2.57
Epra	210	234	Epr	161	73	5.734	3.579	0.025	0.05	22	22	0.09	2.21
Eprp	216	240	Epr	161	79	5.072	3.734	0.021	0.047	22	22	0.05	2.19
Cpaap	194	215	Cpaa	165	49	7.468	2.902	0.035	0.06	22	22	0.06	1.03
Cpaaa	197	219	Cpaa	165	53	6.306	2.445	0.029	0.047	22	22	0.03	0.76
ABplaappp	192	213	ABplaapp	167	45	3.832	2.268	0.018	0.05	22	22	0.15	2.03
ABplaappa	198	220	ABplaapp	167	53	3.689	2.291	0.017	0.044	22	22	0.11	2.44
Cpapa	202	224	Cpap	167	57	6.582	3.918	0.029	0.069	22	22	0.2	3.45
Cpapp	203	226	Cpap	167	58	7.182	2.247	0.032	0.039	22	22	0.22	4.48
ABalpappa	191	212	ABalpapp	168	44	2.258	1.597	0.011	0.036	22	22	0.15	2.07
ABalpappp	191	212	ABalpapp	168	43	2.414	1.787	0.011	0.042	22	22	0.14	2.18
ABplpappa	191	212	ABplpapp	168	43	2.443	1.838	0.012	0.043	22	22	0.14	1.74
ABplapapp	193	215	ABplapap	168	46	2.712	1.919	0.013	0.042	22	22	0.34	4.29
Caaap	194	215	Caaa	168	46	6.605	2.84	0.031	0.062	22	22	0.17	2.94
ABplapapa	196	218	ABplapap	168	49	2.571	2.156	0.012	0.044	22	22	0.32	4.03
Caaaa	197	218	Caaa	168	50	5.555	2.128	0.025	0.043	22	22	0.14	2.64
ABplpappp	199	221	ABplpapp	168	52	3.44	2.916	0.016	0.056	22	22	0.17	2.21
ABalppppp	189	210	ABalpppp	169	41	2.273	1.745	0.011	0.044	22	22	0.15	2.15
ABarpaapa	194	215	ABarpaap	169	45	3.004	1.915	0.014	0.043	22	22	0.06	1.52
ABarpaapp	194	215	ABarpaap	169	46	3.443	2.408	0.016	0.052	22	22	0.09	1.34
ABpraappp	195	217	ABpraapp	169	47	3.627	1.874	0.017	0.04	22	22	0.12	1.84
ABalppppa	195	217	ABalpppp	169	48	2.734	2.825	0.013	0.06	22	22	0.12	2.28
ABpraappa	201	224	ABpraapp	169	54	3.216	2.249	0.014	0.042	22	22	0.12	1.86
ABalpaapa	190	211	ABalpaap	170	40	2.695	1.645	0.013	0.041	22	22	0.16	2.65
ABarapapp	191	211	ABarapap	170	41	2.964	1.125	0.014	0.027	22	22	0.12	1.85
ABarapapa	194	216	ABarapap	170	46	3.54	2.018	0.016	0.044	22	22	0.17	2.74
ABprapapp	196	218	ABprapap	170	47	1.869	1.176	0.009	0.025	22	22	0.21	3.3
ABprpappa	196	218	ABprpapp	170	47	1.879	1.913	0.009	0.042	22	22	0.18	2.32
ABprpappp	197	219	ABprpapp	170	48	2.189	1.969	0.01	0.042	22	22	0.13	2.67
ABalpaapp	198	221	ABalpaap	170	51	3.733	2.951	0.017	0.059	22	22	0.09	1.85
ABprapapa	199	221	ABprapap	170	50	2.565	2.012	0.012	0.04	22	22	0.14	2.42
ABaraaapa	192	213	ABaraaap	171	41	2.761	1.305	0.013	0.032	22	22	0.11	1.45
ABalapapp	196	217	ABalapap	171	45	2.254	1.144	0.01	0.025	22	22	0.11	1.32
ABaraappp	195	217	ABaraapp	171	46	2.519	1.98	0.012	0.043	22	22	0.13	2.95
ABaraappa	196	218	ABaraapp	171	46	1.999	1.627	0.009	0.035	22	22	0.12	2.78
ABarapppp	196	218	ABarappp	171	46	2.098	1.621	0.01	0.035	22	22	0.14	2.43
ABplppppa	196	218	ABplpppp	171	46	1.736	1.372	0.008	0.03	22	22	0.07	1.24
ABplaapap	197	220	ABplaapa	171	48	2.755	1.898	0.013	0.04	22	22	0.07	1.52
ABarapppa	198	220	ABarappp	171	49	1.765	1.555	0.008	0.032	22	22	0.2	3.26
ABplpapap	198	220	ABplpapa	171	48	2.479	1.523	0.011	0.032	22	22	0.15	1.81
ABarpappp	199	221	ABarpapp	171	48	3.147	2.05	0.014	0.042	22	22	0.05	1.12
ABplaapaa	199	221	ABplaapa	171	50	3.255	1.625	0.015	0.033	22	22	0.07	2.45
ABplppppp	199	221	ABplpppp	171	49	2.429	2.238	0.011	0.046	22	22	0.13	1.94
ABarpapap	199	221	ABarpapa	171	50	2.171	1.491	0.01	0.03	22	22	0.08	1.56
ABplaaaap	199	222	ABplaaaa	171	50	3.624	2.524	0.016	0.05	22	22	0.09	2.25
ABarpapaa	200	222	ABarpapa	171	51	2.052	1.666	0.009	0.033	22	22	0.07	1.78
ABplaaaaa	200	223	ABplaaaa	171	52	3.918	1.897	0.018	0.037	22	22	0.1	3.36
ABplpapaa	200	223	ABplpapa	171	51	2.575	1.717	0.012	0.034	22	22	0.14	2.37
ABaraaapp	202	224	ABaraaap	171	52	3.614	2.178	0.016	0.042	22	22	0.08	1.67
ABalapapa	202	225	ABalapap	171	53	3.128	2.71	0.014	0.052	22	22	0.1	1.54
ABarpappa	204	227	ABarpapp	171	55	3.579	1.69	0.016	0.031	22	22	0.03	1
ABpraaapp	192	214	ABpraaap	172	41	2.468	1.673	0.012	0.041	22	22	0.08	1.07
ABalppapp	195	217	ABalppap	172	44	2.523	1.55	0.012	0.035	22	22	0.09	0.95
ABalapppp	196	218	ABalappp	172	45	2.513	1.262	0.012	0.028	22	22	0.14	2.1
ABalapppa	196	218	ABalappp	172	45	2.066	1.764	0.009	0.039	22	22	0.14	2.41
ABplpaapp	196	218	ABplpaap	172	45	2.842	2.168	0.013	0.047	22	22	0.11	1.24
ABprpaapp	197	219	ABprpaap	172	46	3.115	2.042	0.014	0.044	22	22	0.14	1.89
ABalppapa	197	219	ABalppap	172	47	2.436	1.627	0.011	0.035	22	22	0.1	1.7
ABprppppa	197	219	ABprpppp	172	46	2.606	1.683	0.012	0.037	22	22	0.17	2.51
ABalpapap	198	221	ABalpapa	172	48	1.56	1.307	0.007	0.027	22	22	0.16	2.55
ABplapaaa	198	221	ABplapaa	172	48	2.637	1.317	0.012	0.028	22	22	0.16	2.51
ABplappaa	199	221	ABplappa	172	49	2.675	2.243	0.012	0.046	22	22	0.21	3.02
ABplappap	199	221	ABplappa	172	49	1.872	1.723	0.008	0.035	22	22	0.19	2.13
ABplpaapa	199	221	ABplpaap	172	49	2.212	1.669	0.01	0.034	22	22	0.07	1.37
ABprpapap	199	221	ABprpapa	172	48	1.881	1.717	0.009	0.036	22	22	0.09	1.63
ABalpapaa	199	222	ABalpapa	172	49	2.057	1.503	0.009	0.031	22	22	0.16	2.89
ABplaaapp	199	222	ABplaaap	172	49	3.899	1.886	0.018	0.039	22	22	0.1	2
ABprpaapa	200	222	ABprpaap	172	50	2.456	1.233	0.011	0.025	22	22	0.16	2.44
ABprppppp	200	222	ABprpppp	172	49	2.237	1.385	0.01	0.028	22	22	0.13	2.85
ABpraaapa	200	223	ABpraaap	172	50	2.537	1.688	0.011	0.034	22	22	0.1	1.52
ABprpapaa	202	225	ABprpapa	172	52	2.082	1.883	0.009	0.036	22	22	0.09	1.87
ABplapaap	203	226	ABplapaa	172	53	3.514	2.526	0.016	0.049	22	22	0.2	2.76
ABplaaapa	204	228	ABplaaap	172	55	3.821	2.113	0.017	0.038	22	22	0.08	2.26
ABaraapap	197	218	ABaraapa	173	45	2.836	1.459	0.013	0.032	22	22	0.14	3.05
ABalpppap	197	219	ABalpppa	173	45	2.263	1.477	0.01	0.033	22	22	0.11	1.94
ABplpaaaa	197	219	ABplpaaa	173	46	3.401	1.95	0.016	0.043	22	22	0.14	2.41
ABprpaaaa	198	220	ABprpaaa	173	46	2.884	1.771	0.013	0.038	22	22	0.13	1.86
ABplpaaap	198	221	ABplpaaa	173	47	3.078	2.026	0.014	0.043	22	22	0.16	2.1
ABaraapaa	199	221	ABaraapa	173	47	2.556	1.226	0.012	0.026	22	22	0.11	2.56
ABpraapap	198	221	ABpraapa	173	48	4.087	1.859	0.018	0.039	22	22	0.11	1.96
ABprpaaap	199	221	ABprpaaa	173	47	2.315	1.382	0.01	0.029	22	22	0.09	1.69
ABplpppaa	200	222	ABplpppa	173	49	1.714	2.167	0.008	0.044	22	22	0.11	1.67
ABplpppap	200	222	ABplpppa	173	49	1.86	2.045	0.008	0.042	22	22	0.18	2.78
ABpraapaa	200	223	ABpraapa	173	50	4.026	1.364	0.018	0.027	22	22	0.15	2.71
ABprpppaa	201	223	ABprpppa	173	49	2.46	1.71	0.011	0.035	22	22	0.13	2.35
ABprpppap	201	224	ABprpppa	173	50	2.434	1.787	0.011	0.036	22	22	0.15	2.96
ABalpppaa	203	226	ABalpppa	173	52	2.237	2.056	0.01	0.04	22	22	0.1	2.39
ABarapaap	197	218	ABarapaa	174	44	3.815	1.636	0.018	0.037	22	22	0.08	1.93
ABarappap	200	222	ABarappa	174	48	2.067	2.02	0.009	0.042	22	22	0.08	1.6
ABprapaaa	202	224	ABprapaa	174	50	2.507	1.312	0.011	0.026	22	22	0.09	1.77
ABprappap	202	225	ABprappa	174	50	2.848	1.99	0.013	0.04	22	22	0.1	1.7
ABprappaa	202	225	ABprappa	174	50	3.235	2.025	0.014	0.04	22	22	0.13	1.82
ABarapaaa	204	227	ABarapaa	174	53	3.549	1.927	0.016	0.036	22	22	0.1	2.31
ABarappaa	204	227	ABarappa	174	53	2.112	1.851	0.009	0.035	22	22	0.11	2.85
ABplapppp	205	229	ABplappp	174	53	2.864	1.753	0.013	0.033	22	22	0.18	3.2
ABplapppa	206	229	ABplappp	174	54	3.039	2.464	0.013	0.046	22	22	0.16	3.12
ABprapaap	205	229	ABprapaa	174	54	3.421	2.313	0.015	0.043	22	22	0.14	2.64
ABalaappp	199	222	ABalaapp	175	46	2.997	2.047	0.014	0.045	22	22	0.12	2.25
ABalaaapa	201	224	ABalaaap	175	48	3.366	1.738	0.015	0.036	22	22	0.09	1.79
ABalapaap	201	224	ABalapaa	175	48	2.932	1.706	0.013	0.036	22	22	0.11	1.86
ABalaaapp	202	225	ABalaaap	175	49	3.142	1.56	0.014	0.032	22	22	0.07	1.84
ABarpppap	202	225	ABarpppa	175	49	3.752	2.966	0.017	0.061	22	22	0.07	1.72
ABalapaaa	205	228	ABalapaa	175	52	3.01	1.874	0.013	0.036	22	22	0.11	1.93
ABalaappa	206	229	ABalaapp	175	53	2.249	1.948	0.01	0.037	22	22	0.07	2.18
ABarpppaa	207	230	ABarpppa	175	55	3.951	2.821	0.017	0.051	22	22	0.06	1.34
ABprppapa	202	225	ABprppap	176	49	2.681	1.781	0.012	0.036	22	22	0.12	2.1
ABplppapa	203	226	ABplppap	176	49	2.417	1.231	0.011	0.025	22	22	0.07	1.49
ABarppaap	204	226	ABarppaa	176	50	3.175	1.915	0.014	0.038	22	22	0.13	2.21
ABplppapp	206	230	ABplppap	176	53	3.195	2.387	0.014	0.045	22	22	0.09	1.45
ABprppapp	206	230	ABprppap	176	53	2.481	2.404	0.011	0.045	22	22	0.1	2.3
Caapp	207	230	Caap	176	54	5.629	3.296	0.024	0.061	22	22	0.21	4.12
ABprapppa	208	232	ABprappp	176	55	3.413	1.989	0.015	0.036	22	22	0.16	3.31
ABprapppp	208	232	ABprappp	176	55	3.193	2.111	0.014	0.038	22	22	0.16	3.04
ABarppaaa	209	233	ABarppaa	176	56	3.395	2.314	0.015	0.041	22	22	0.11	2.41
Caapa	271	305	Caap	176	128	6.622	7.01	0.022	0.054	22	22	0.12	6.2
ABpraaaap	200	223	ABpraaaa	177	46	2.521	1.372	0.011	0.03	22	22	0.04	1.23
ABalpaaap	206	229	ABalpaaa	177	51	3.035	1.557	0.013	0.031	22	22	0.11	2.6
ABalpaaaa	207	231	ABalpaaa	177	53	2.884	2.009	0.012	0.038	22	22	0.12	2.55
ABpraaaaa	207	231	ABpraaaa	177	54	3.366	2.885	0.015	0.053	22	22	0.05	1.2
ABarppppa	208	231	ABarpppp	177	53	3.732	2.823	0.016	0.053	22	22	0.11	2.39
ABarppppp	209	233	ABarpppp	177	55	4.063	2.771	0.017	0.05	22	22	0.13	2.29
ABalappap	203	226	ABalappa	178	47	2.999	1.825	0.013	0.039	22	22	0.11	2.47
Cpppa	208	232	Cppp	178	53	4.173	2.312	0.018	0.044	22	22	0.17	2.89
ABarppapa	210	234	ABarppap	178	56	3.48	2.574	0.015	0.047	22	22	0.15	3.09
ABarppapp	211	235	ABarppap	178	57	3.482	2.346	0.015	0.042	22	22	0.15	2.56
Cpppp	212	236	Cppp	178	58	3.757	2.384	0.016	0.041	22	22	0.14	2.64
ABalappaa	213	238	ABalappa	178	59	2.707	2.726	0.011	0.046	22	22	0.07	1.42
MSaaaaa	198	220	MSaaaa	179	40	2.217	1.284	0.01	0.032	22	22	0.1	1.49
MSaapaa	198	220	MSaapa	179	40	2.495	1.478	0.011	0.037	22	22	0.11	2.31
MSaaaap	202	224	MSaaaa	179	45	2.688	1.899	0.012	0.042	22	22	0.12	1.79
MSaapap	206	230	MSaapa	179	50	2.907	2.191	0.013	0.044	22	22	0.07	1.89
ABalppaap	207	230	ABalppaa	179	51	2.802	1.825	0.012	0.036	22	22	0.05	1.4
ABplppaap	207	230	ABplppaa	179	50	2.889	1.207	0.013	0.024	22	22	0.1	1.52
ABprppaap	206	230	ABprppaa	179	50	2.527	2.082	0.011	0.042	22	22	0.1	2.35
ABaraaaaa	208	231	ABaraaaa	179	51	3.711	1.703	0.016	0.033	22	22	0.04	0.8
ABalppaaa	209	233	ABalppaa	179	53	3.092	2.234	0.013	0.042	22	22	0.05	1.15
ABplppaaa	210	234	ABplppaa	179	54	3.423	1.616	0.015	0.03	22	22	0.04	0.9
ABprppaaa	210	234	ABprppaa	179	54	2.147	1.377	0.009	0.025	22	22	0.12	2.36
ABaraaaap	213	237	ABaraaaa	179	57	4.323	2.757	0.018	0.048	22	22	0.08	2.25
MSpaaaa	199	221	MSpaaa	180	40	1.844	1.363	0.008	0.034	22	22	0.13	1.87
MSpapaa	199	221	MSpapa	180	40	2.154	1.692	0.01	0.042	22	22	0.09	2.39
MSpaaap	201	224	MSpaaa	180	43	1.759	1.382	0.008	0.032	22	22	0.13	2.02
MSpapap	206	230	MSpapa	180	49	2.56	1.74	0.011	0.036	22	22	0.07	1.54
ABarpaaaa	207	231	ABarpaaa	180	50	3.942	1.749	0.017	0.035	22	22	0.02	0.9
ABarpaaap	212	236	ABarpaaa	180	56	4.035	2.732	0.017	0.049	22	22	0.01	0.72
ABalaaaal	207	231	ABalaaaa	181	49	3.935	2	0.017	0.041	22	22	0.1	2.18
ABalaaaar	208	232	ABalaaaa	181	50	3.536	2.126	0.015	0.043	22	22	0.01	0.65
ABalaapap	210	234	ABalaapa	181	52	3.725	1.928	0.016	0.037	22	22	0.06	1.82
ABalaapaa	211	235	ABalaapa	181	54	3.438	1.909	0.015	0.035	22	22	0.06	1.59
Cappa	212	236	Capp	181	54	4.114	3.288	0.017	0.061	22	22	0.07	2.09
Cappp	215	241	Capp	181	59	5.091	3.688	0.021	0.063	22	22	0.1	2.01
MSaaapa	199	222	MSaaap	183	38	2.985	1.623	0.013	0.043	22	22	0.11	2.03
MSaaapp	230	258	MSaaap	183	74	5.997	5.342	0.023	0.072	22	22	0.07	2.07
Cppaa	218	243	Cppa	186	57	4.178	3.166	0.017	0.056	22	22	0.15	2.54
Cppap	219	244	Cppa	186	58	4.306	2.852	0.018	0.049	22	22	0.13	2.94
MSpaapa	207	230	MSpaap	187	43	2.031	1.599	0.009	0.037	22	22	0.1	1.4
MSpaapp	n/a	n/a	MSpaap	187	n/a	n/a	n/a	n/a	n/a	0	22	0.16	1.92
MSppapa	213	237	MSppap	189	48	3.949	2.109	0.017	0.044	22	22	0.1	1.86
MSapaaa	213	238	MSapaa	189	49	2.84	1.628	0.012	0.034	22	22	0.08	1.17
MSapapa	213	238	MSapap	189	49	3.898	2.978	0.016	0.061	22	22	0.08	1.59
Capaa	220	246	Capa	189	56	4.523	3.885	0.018	0.069	22	22	0.09	1.7
MSppapp	221	247	MSppap	189	58	4.693	3.064	0.019	0.053	22	22	0.13	2.91
Capap	221	247	Capa	189	57	4.262	3.9	0.017	0.068	22	22	0.08	2.47
MSapapp	222	248	MSapap	189	58	3.19	2.322	0.013	0.04	22	22	0.13	2.29
MSapaap	232	260	MSapaa	189	70	4.006	3.897	0.015	0.056	22	22	0.04	1.57
MSpappp	234	262	MSpapp	189	72	5.51	5.179	0.021	0.072	22	22	0.08	2.19
MSaappp	236	265	MSaapp	189	76	4.914	4.844	0.019	0.064	22	22	0.07	2.51
MSaappa	245	275	MSaapp	189	85	4.607	4.08	0.017	0.047	22	22	0.05	1.86
MSpappa	248	278	MSpapp	189	88	3.752	3.917	0.013	0.045	22	22	0.08	2.61
MSppaaa	213	237	MSppaa	190	46	3.101	1.652	0.013	0.035	22	22	0.1	1.47
MSppaap	233	262	MSppaa	190	71	4.263	4.172	0.016	0.06	22	22	0.04	1.61
MSpppaa	232	260	MSpppa	194	65	5.405	3.434	0.021	0.053	22	22	0.03	1
MSpppap	238	267	MSpppa	194	73	4.62	3.686	0.017	0.05	22	22	0.08	1.99
MSappaa	234	262	MSappa	196	65	3.154	2.566	0.012	0.039	22	22	0.04	1.15
MSappap	243	272	MSappa	196	75	6.133	4.801	0.023	0.063	22	22	0.08	2.06
MSapppa	232	259	MSappp	200	59	5.569	3.428	0.022	0.059	22	22	0.08	1.76
MSppppa	232	260	MSpppp	200	59	4.924	2.623	0.019	0.044	22	22	0.1	2.04
MSapppp	236	264	MSappp	200	64	5.933	3.559	0.022	0.056	22	22	0.13	2.42
MSppppp	236	265	MSpppp	200	64	5.852	3.518	0.022	0.054	22	22	0.16	3.13
Dppp	239	268	Dpp	207	60	4.801	2.696	0.018	0.045	22	22	0.17	3.7
Dppa	244	273	Dpp	207	65	5.352	3.833	0.02	0.059	22	22	0.13	2.49
Dapp	239	267	Dap	208	58	6.311	3.094	0.024	0.053	22	22	0.15	3.13
Dapa	242	270	Dap	208	62	7.003	4.212	0.026	0.068	22	22	0.09	1.73
ABalpppppp	234	263	ABalppppp	211	51	2.838	1.952	0.011	0.038	22	22	0.04	0.91
ABalpppppa	253	285	ABalppppp	211	73	2.947	3.173	0.01	0.043	22	22	0.05	1.49
ABalpaapap	233	262	ABalpaapa	212	50	3.81	2.196	0.015	0.044	22	22	0.05	1.2
ABarapappp	236	265	ABarapapp	212	52	3.918	2.682	0.015	0.052	22	22	0.04	0.8
ABalpaapaa	251	283	ABalpaapa	212	71	4.807	3.099	0.017	0.044	22	22	0.05	2.41
ABarapappa	288	327	ABarapapp	212	113	4.327	4.274	0.013	0.038	19	22	0.04	1.57
ABalpapppp	235	264	ABalpappp	213	51	2.841	1.971	0.011	0.039	22	22	0.02	0.69
ABplpappaa	238	267	ABplpappa	213	53	4.358	3.612	0.016	0.068	22	22	0.05	0.81
ABalpappap	242	272	ABalpappa	213	58	3.724	2.27	0.014	0.039	22	22	0.03	0.58
Dpaa	248	278	Dpa	213	64	6.763	5.665	0.024	0.087	22	22	0.12	2.41
Dpap	250	279	Dpa	213	66	7.959	5.564	0.028	0.083	22	22	0.13	2.91
ABalpappaa	259	291	ABalpappa	213	77	5.888	5.377	0.02	0.07	22	22	0.04	1.18
ABalpapppa	286	323	ABalpappp	213	109	6.338	6.705	0.02	0.062	20	22	0.03	1.11
ABplpappap	n/a	n/a	ABplpappa	213	n/a	n/a	n/a	n/a	n/a	0	22	0.06	0.96
ABaraaapap	243	273	ABaraaapa	214	58	5.624	3.9	0.021	0.067	22	22	0.09	1.83
Daaa	246	275	Daa	214	61	7.216	3.016	0.026	0.049	22	22	0.1	2.03
Daap	250	280	Daa	214	66	7.155	2.765	0.025	0.042	22	22	0.11	2.68
ABaraaapaa	259	290	ABaraaapa	214	75	8.945	7.056	0.031	0.093	22	22	0.07	2.74
ABplaapppa	n/a	n/a	ABplaappp	214	n/a	n/a	n/a	n/a	n/a	0	22	0.08	3.61
ABplaapppp	n/a	n/a	ABplaappp	214	n/a	n/a	n/a	n/a	n/a	1	22	0.05	1.81
ABpraaappp	238	268	ABpraaapp	215	53	2.96	1.976	0.011	0.038	22	22	0.03	0.7
ABpraaappa	261	294	ABpraaapp	215	79	4.895	3.517	0.017	0.044	22	22	0.04	1.57
ABplapappp	270	304	ABplapapp	216	88	4.456	3.213	0.015	0.037	21	22	0.05	1.43
ABarpaapaa	n/a	n/a	ABarpaapa	216	n/a	n/a	n/a	n/a	n/a	0	22	0.06	2.7
ABarpaapap	n/a	n/a	ABarpaapa	216	n/a	n/a	n/a	n/a	n/a	0	22	0.03	1.81
ABarpaappa	n/a	n/a	ABarpaapp	216	n/a	n/a	n/a	n/a	n/a	0	22	0.03	1.81
ABarpaappp	n/a	n/a	ABarpaapp	216	n/a	n/a	n/a	n/a	n/a	0	22	0.07	3.93
ABplapappa	n/a	n/a	ABplapapp	216	n/a	n/a	n/a	n/a	n/a	0	22	0.09	3.6
Caaapa	n/a	n/a	Caaap	216	n/a	n/a	n/a	n/a	n/a	0	22	0.1	3.8
Caaapp	n/a	n/a	Caaap	216	n/a	n/a	n/a	n/a	n/a	0	22	0.1	4.16
Cpaapa	n/a	n/a	Cpaap	216	n/a	n/a	n/a	n/a	n/a	0	22	0.06	3.21
Cpaapp	n/a	n/a	Cpaap	216	n/a	n/a	n/a	n/a	n/a	0	22	0.07	3.77
ABarapapap	252	283	ABarapapa	217	65	5.229	3.631	0.018	0.055	22	22	0.03	0.76
ABarapapaa	261	293	ABarapapa	217	76	4.798	3.525	0.016	0.046	22	22	0.05	1.5
ABaraapppa	243	273	ABaraappp	218	54	2.969	1.759	0.011	0.033	22	22	0.05	0.85
ABalapappa	247	278	ABalapapp	218	59	3.448	2.649	0.012	0.045	22	22	0.06	1.22
ABalppappp	254	285	ABalppapp	218	67	7.001	5.785	0.024	0.086	22	22	0.03	1.13
ABalppppap	257	289	ABalppppa	218	70	4.161	3.171	0.014	0.045	22	22	0.05	1.34
ABalapappp	260	293	ABalapapp	218	74	3.252	2.029	0.011	0.027	22	22	0.1	2.53
ABalppappa	262	295	ABalppapp	218	77	4.573	4.223	0.016	0.055	22	22	0.04	1.53
ABalppppaa	263	296	ABalppppa	218	78	5.572	3.923	0.019	0.05	22	22	0.06	1.86
ABaraapppp	275	310	ABaraappp	218	91	5.82	5.624	0.019	0.062	22	22	0.03	0.97
ABpraapppa	n/a	n/a	ABpraappp	218	n/a	n/a	n/a	n/a	n/a	0	22	0.09	3.54
ABpraapppp	n/a	n/a	ABpraappp	218	n/a	n/a	n/a	n/a	n/a	0	22	0.06	2.09
ABaraapapa	243	273	ABaraapap	219	53	3.664	2.343	0.013	0.044	22	22	0.08	1.39
ABarapaapp	247	277	ABarapaap	219	57	3.819	2.068	0.014	0.036	22	22	0.07	1.23
ABalappppa	246	277	ABalapppp	219	58	3.145	1.951	0.011	0.034	22	22	0.1	1.99
ABaraappap	251	282	ABaraappa	219	63	3.39	3.086	0.012	0.049	22	22	0.08	1.47
ABalapppap	251	283	ABalapppa	219	64	3.174	2.266	0.011	0.035	22	22	0.07	1.37
ABprpappaa	255	286	ABprpappa	219	67	3.524	2.678	0.012	0.04	22	22	0.08	1.55
ABarappppp	254	286	ABarapppp	219	67	3.31	2.029	0.012	0.03	22	22	0.05	1.34
ABplpaappp	256	288	ABplpaapp	219	68	4.685	2.748	0.016	0.04	22	22	0.07	1.73
ABprpappap	256	288	ABprpappa	219	69	2.288	2.282	0.008	0.033	22	22	0.05	0.98
ABalappppp	258	290	ABalapppp	219	71	3.098	2.954	0.011	0.042	22	22	0.11	2.78
ABplppppap	259	291	ABplppppa	219	72	3.814	3.484	0.013	0.048	22	22	0.08	0.97
ABplppppaa	259	292	ABplppppa	219	72	5.346	4.41	0.018	0.061	22	22	0.09	1.74
ABplpaappa	260	292	ABplpaapp	219	73	4.809	2.986	0.016	0.041	22	22	0.06	1.69
ABalapppaa	261	294	ABalapppa	219	75	4.319	3.688	0.015	0.049	22	22	0.07	1.85
ABarappppa	262	295	ABarapppp	219	76	4.123	4.059	0.014	0.053	22	22	0.07	1.65
ABaraappaa	268	301	ABaraappa	219	82	5.726	5.262	0.019	0.063	22	22	0.1	2.34
ABprapappp	275	309	ABprapapp	219	90	4.496	3.982	0.015	0.044	22	22	0.01	1.05
ABaraapapp	277	312	ABaraapap	219	92	7.813	7.214	0.025	0.078	22	22	0.06	1.74
ABarapaapa	279	314	ABarapaap	219	94	7.067	4.957	0.022	0.052	22	22	0.05	1.88
ABplapapaa	n/a	n/a	ABplapapa	219	n/a	n/a	n/a	n/a	n/a	0	22	0.05	2.21
ABplapapap	n/a	n/a	ABplapapa	219	n/a	n/a	n/a	n/a	n/a	0	22	0.07	2.79
ABprapappa	n/a	n/a	ABprapapp	219	n/a	n/a	n/a	n/a	n/a	0	22	0.09	3.54
Caaaaa	n/a	n/a	Caaaa	219	n/a	n/a	n/a	n/a	n/a	0	22	0.1	4.43
Caaaap	n/a	n/a	Caaaa	219	n/a	n/a	n/a	n/a	n/a	0	22	0.1	4.12
ABalpppapp	253	286	ABalpppap	220	65	2.875	1.765	0.01	0.027	21	22	0.04	1.27
ABplpaaaap	257	289	ABplpaaaa	220	68	4.941	2.804	0.017	0.041	22	22	0.11	2.58
ABprppppap	257	290	ABprppppa	220	69	3.345	2.522	0.012	0.037	22	22	0.04	0.62
ABprpaappp	257	290	ABprpaapp	220	70	4.15	1.925	0.014	0.028	22	22	0.09	2.23
ABprpapppp	259	291	ABprpappp	220	71	2.311	2.239	0.008	0.032	22	22	0.06	1.41
ABprpaappa	259	292	ABprpaapp	220	72	3.672	2.049	0.013	0.028	22	22	0.07	2.01
ABprppppaa	260	293	ABprppppa	220	72	2.615	2.373	0.009	0.033	22	22	0.08	1.66
ABprpapppa	260	294	ABprpappp	220	73	3.282	2.36	0.011	0.032	22	22	0.07	1.97
ABalpppapa	263	297	ABalpppap	220	77	4.497	3.816	0.015	0.05	22	22	0.05	1.88
ABplpaaaaa	264	298	ABplpaaaa	220	77	5.758	3.401	0.019	0.044	22	22	0.03	1.35
ABalppapap	264	298	ABalppapa	220	77	4.048	2.457	0.014	0.032	22	22	0.05	2.14
ABalppapaa	270	304	ABalppapa	220	83	4.441	3.86	0.015	0.047	22	22	0.05	1.8
Cpaaaa	n/a	n/a	Cpaaa	220	n/a	n/a	n/a	n/a	n/a	0	22	0.07	3.68
Cpaaap	n/a	n/a	Cpaaa	220	n/a	n/a	n/a	n/a	n/a	0	22	0.07	3.94
MSaaaaap	241	270	MSaaaaa	221	49	2.7	1.971	0.01	0.04	22	22	0.07	1.01
MSaapaap	245	275	MSaapaa	221	54	4.171	2.507	0.015	0.046	22	22	0.03	0.78
MSaapaaa	250	281	MSaapaa	221	59	4.604	2.635	0.016	0.044	22	22	0.07	1.37
ABplaapapp	253	284	ABplaapap	221	63	3.774	2.188	0.013	0.035	22	22	0.1	1.98
ABprpaaaap	258	290	ABprpaaaa	221	69	4.065	3.008	0.014	0.044	22	22	0.08	2.58
ABplpapapa	258	290	ABplpapap	221	69	4.254	2.813	0.015	0.041	22	22	0.05	1.26
ABplpapapp	260	292	ABplpapap	221	71	3.441	3.237	0.012	0.046	22	22	0.07	1.42
ABarapppap	265	299	ABarapppa	221	77	3.659	3.41	0.012	0.044	22	22	0.04	1.33
ABprpaaaaa	266	300	ABprpaaaa	221	79	3.972	3.028	0.013	0.038	22	22	0.03	1.27
ABarapppaa	269	303	ABarapppa	221	82	3.507	3.382	0.012	0.041	22	22	0.04	1.1
ABplaapapa	272	307	ABplaapap	221	86	5.427	4.331	0.018	0.05	22	22	0.08	2.83
MSaaaaaa	n/a	368	MSaaaaa	221	146	n/a	n/a	n/a	n/a	6	22	0.03	1.42
ABplaappaa	n/a	n/a	ABplaappa	221	n/a	n/a	n/a	n/a	n/a	0	22	0.13	5.45
ABplaappap	n/a	n/a	ABplaappa	221	n/a	n/a	n/a	n/a	n/a	0	22	0.07	4
MSpapaap	246	276	MSpapaa	222	53	2.533	1.319	0.009	0.024	22	22	0.08	1.21
MSpaaaap	247	277	MSpaaaa	222	55	3.868	3.082	0.014	0.056	22	22	0.07	1.45
MSpapaaa	251	282	MSpapaa	222	59	3.854	2.669	0.014	0.044	22	22	0.06	1.24
ABpraapapp	254	286	ABpraapap	222	63	4.893	1.854	0.017	0.029	22	22	0.12	2.72
ABaraapaap	256	287	ABaraapaa	222	64	3.981	3.016	0.014	0.046	22	22	0.08	1.46
ABplpaaapp	256	289	ABplpaaap	222	66	4.482	2.477	0.016	0.038	22	22	0.04	0.97
ABalpapapa	257	289	ABalpapap	222	67	2.618	2.264	0.009	0.034	22	22	0.09	2.24
ABprpaaapp	258	289	ABprpaaap	222	67	4.254	3.253	0.015	0.049	22	22	0.06	1.05
ABprpapapa	257	290	ABprpapap	222	67	2.896	1.59	0.01	0.024	22	22	0.04	1.08
ABprpapapp	260	292	ABprpapap	222	69	3.031	2.266	0.01	0.033	22	22	0.04	0.8
ABplpppppp	260	292	ABplppppp	222	69	5.815	4.186	0.02	0.06	22	22	0.07	1.49
ABplaapaap	261	294	ABplaapaa	222	71	4.579	2.426	0.016	0.034	22	22	0.07	1.63
ABalpaappp	263	296	ABalpaapp	222	73	5.932	3.722	0.02	0.05	22	22	0.07	1.7
ABplpaapap	265	298	ABplpaapa	222	75	4.184	3.506	0.014	0.046	22	22	0.03	0.87
ABplpapppa	266	298	ABplpappp	222	76	5.361	3.492	0.018	0.045	22	22	0.1	1.88
ABplapaaap	265	299	ABplapaaa	222	76	4.551	4.391	0.015	0.058	22	22	0.04	1.13
ABplpaapaa	265	299	ABplpaapa	222	76	3.585	3.647	0.012	0.049	22	22	0.04	1.36
ABalpapapp	266	301	ABalpapap	222	78	3.268	3.723	0.011	0.048	22	22	0.1	2.18
ABplapaaaa	267	301	ABplapaaa	222	79	4.177	3.17	0.014	0.04	22	22	0.03	1.12
ABaraapaaa	268	302	ABaraapaa	222	79	5.738	4.845	0.019	0.061	22	22	0.09	2.57
ABplpapppp	269	303	ABplpappp	222	81	6.069	4.239	0.02	0.052	22	22	0.07	1.12
ABplaapaaa	271	306	ABplaapaa	222	83	4.118	2.509	0.013	0.03	22	22	0.08	1.81
ABpraapapa	273	308	ABpraapap	222	86	4.564	2.217	0.015	0.026	22	22	0.09	3.09
ABalpaappa	273	308	ABalpaapp	222	85	6.965	5.962	0.023	0.069	22	22	0.08	2.4
ABplpppppa	277	312	ABplppppp	222	90	8.311	7.955	0.027	0.088	20	22	0.08	1.71
ABprpaaapa	280	316	ABprpaaap	222	94	4.475	3.878	0.014	0.041	22	22	0.05	1.31
ABplpaaapa	280	316	ABplpaaap	222	94	5.637	3.991	0.018	0.042	21	22	0.03	1.14
MSpaaaaa	282	319	MSpaaaa	222	96	5.626	4.726	0.018	0.049	21	22	0.12	4.76
ABarpapapa	n/a	n/a	ABarpapap	222	n/a	n/a	n/a	n/a	n/a	0	22	0.07	3.44
ABarpapapp	n/a	n/a	ABarpapap	222	n/a	n/a	n/a	n/a	n/a	0	22	0.05	2.46
ABarpapppa	n/a	n/a	ABarpappp	222	n/a	n/a	n/a	n/a	n/a	0	22	0.07	3.12
ABarpapppp	n/a	n/a	ABarpappp	222	n/a	n/a	n/a	n/a	n/a	0	22	0.07	3.32
ABplappaaa	n/a	n/a	ABplappaa	222	n/a	n/a	n/a	n/a	n/a	0	22	0.02	1.02
ABplappaap	n/a	n/a	ABplappaa	222	n/a	n/a	n/a	n/a	n/a	0	22	0.01	1.43
ABplappapa	n/a	n/a	ABplappap	222	n/a	n/a	n/a	n/a	n/a	0	22	0.04	2.41
ABplappapp	n/a	n/a	ABplappap	222	n/a	n/a	n/a	n/a	n/a	0	22	0.03	1.48
ABprapapaa	n/a	n/a	ABprapapa	222	n/a	n/a	n/a	n/a	n/a	0	22	0.04	1.52
ABprapapap	n/a	n/a	ABprapapa	222	n/a	n/a	n/a	n/a	n/a	0	22	0.08	2.69
MSaaapaa	247	277	MSaaapa	223	54	4.919	2.616	0.018	0.048	22	22	0.08	1.22
ABplpppapa	247	277	ABplpppap	223	53	3.893	2.605	0.014	0.049	22	22	0.11	1.51
MSaaapap	253	284	MSaaapa	223	61	5.487	3.018	0.019	0.049	22	22	0.03	0.88
ABarpapaap	255	286	ABarpapaa	223	62	3.703	3.108	0.013	0.05	22	22	0.08	1.34
ABalaapppp	256	288	ABalaappp	223	65	3.172	2.16	0.011	0.033	22	22	0.09	2.42
ABalpapaaa	257	290	ABalpapaa	223	66	3.769	2.721	0.013	0.041	22	22	0.08	1.57
ABprpppppp	259	292	ABprppppp	223	68	4.462	3.557	0.015	0.052	22	22	0.04	1.14
ABarappapa	261	294	ABarappap	223	71	3.268	2.76	0.011	0.039	22	22	0.03	1.15
ABplpppaap	266	299	ABplpppaa	223	75	3.779	3.331	0.013	0.044	22	22	0.16	1.39
ABprpaapap	266	300	ABprpaapa	223	76	3.926	2.897	0.013	0.038	22	22	0.07	1.55
ABarappapp	267	300	ABarappap	223	77	3.439	2.752	0.011	0.036	22	22	0.04	1.24
ABprpaapaa	266	300	ABprpaapa	223	76	4.009	2.716	0.013	0.036	22	22	0.05	1.25
ABplpppaaa	269	303	ABplpppaa	223	79	4.335	4.425	0.014	0.056	22	22	0.08	1.55
ABprpppppa	274	309	ABprppppp	223	85	6.192	5.172	0.02	0.06	22	22	0.07	2.09
ABalpapaap	274	309	ABalpapaa	223	86	5.419	4.855	0.018	0.056	22	22	0.06	1.82
ABarpapaaa	278	314	ABarpapaa	223	91	5.137	4.839	0.016	0.053	21	22	0.04	1.13
ABalaapppa	279	315	ABalaappp	223	92	5.746	6.393	0.018	0.069	22	22	0.11	3.35
ABplaaaapa	n/a	n/a	ABplaaaap	223	n/a	n/a	n/a	n/a	n/a	0	22	0.03	1.74
ABplaaaapp	n/a	n/a	ABplaaaap	223	n/a	n/a	n/a	n/a	n/a	0	22	0.04	2.32
ABplaaappa	n/a	n/a	ABplaaapp	223	n/a	n/a	n/a	n/a	n/a	0	22	0.07	3.13
ABplaaappp	n/a	n/a	ABplaaapp	223	n/a	n/a	n/a	n/a	n/a	0	22	0.06	2.56
ABplpppapp	n/a	n/a	ABplpppap	223	n/a	n/a	n/a	n/a	n/a	0	22	0.08	0.99
ABplaaaaap	255	288	ABplaaaaa	224	63	4.168	1.966	0.015	0.031	22	22	0.03	0.99
ABpraaaapp	259	292	ABpraaaap	224	67	4.899	3.323	0.017	0.049	22	22	0.05	1.35
ABpraapaap	261	294	ABpraapaa	224	70	4.552	2.637	0.015	0.038	22	22	0.12	2.41
ABpraaapap	264	298	ABpraaapa	224	74	4.124	3.591	0.014	0.049	22	22	0.06	1.64
ABprpppaaa	267	302	ABprpppaa	224	77	4.864	3.604	0.016	0.047	21	22	0.05	0.83
ABpraaaapa	268	302	ABpraaaap	224	77	4.478	3.287	0.015	0.042	22	22	0.03	1.47
ABplpapaaa	268	303	ABplpapaa	224	78	6.148	6.137	0.02	0.08	22	22	0.03	0.96
ABprpppaap	269	303	ABprpppaa	224	78	5.294	4.065	0.017	0.051	22	22	0.04	0.68
ABplpapaap	269	304	ABplpapaa	224	79	3.809	3.61	0.013	0.046	22	22	0.03	1.04
ABpraapaaa	271	306	ABpraapaa	224	82	5.988	3.015	0.02	0.037	22	22	0.12	2.64
ABpraaapaa	273	308	ABpraaapa	224	83	4.444	3.921	0.014	0.047	22	22	0.05	1.7
ABplaaaaaa	279	316	ABplaaaaa	224	91	7.788	6.284	0.025	0.068	21	22	0.01	1.07
Ealaa	n/a	357	Eala	224	131	n/a	n/a	n/a	n/a	5	22	0.06	2.95
Ealap	n/a	n/a	Eala	224	n/a	n/a	n/a	n/a	n/a	0	22	0.05	2.14
ABprpppapa	248	279	ABprpppap	225	54	3.278	1.63	0.012	0.03	21	22	0.06	0.96
MSpaaapp	249	280	MSpaaap	225	54	3.025	2.172	0.011	0.039	22	22	0.04	1.09
MSaaaapa	254	286	MSaaaap	225	60	3.715	2.855	0.013	0.048	22	22	0.09	1.67
ABalapaapp	258	290	ABalapaap	225	65	3.907	3.534	0.013	0.054	22	22	0.05	1.15
ABalaaapal	264	298	ABalaaapa	225	72	3.866	1.955	0.013	0.027	22	22	0.12	1.89
MSaaaapp	266	299	MSaaaap	225	73	4.509	4.797	0.015	0.065	22	22	0.06	1.46
ABaraaappp	268	301	ABaraaapp	225	76	5.792	3.896	0.019	0.051	22	22	0.07	1.57
ABprapaaap	268	302	ABprapaaa	225	76	4.382	3.324	0.015	0.044	22	22	0.07	1.99
ABprapaaaa	271	306	ABprapaaa	225	80	3.926	3.058	0.013	0.038	22	22	0.07	2.28
MSpaaapa	275	310	MSpaaap	225	84	3.634	3.831	0.012	0.046	22	22	0.11	3.33
ABalaaapar	276	312	ABalaaapa	225	86	5.376	4.097	0.017	0.047	21	22	0.08	1.88
ABaraaappa	278	313	ABaraaapp	225	87	5.462	5.326	0.017	0.061	22	22	0.09	2.29
ABalapaapa	282	320	ABalapaap	225	95	7.118	7.742	0.022	0.082	21	22	0.08	3.13
ABpraappaa	n/a	n/a	ABpraappa	225	n/a	n/a	n/a	n/a	n/a	0	22	0.1	4.31
ABpraappap	n/a	n/a	ABpraappa	225	n/a	n/a	n/a	n/a	n/a	0	22	0.09	4.15
ABprpppapp	n/a	n/a	ABprpppap	225	n/a	n/a	n/a	n/a	n/a	0	22	0.07	0.9
Cpapaa	n/a	n/a	Cpapa	225	n/a	n/a	n/a	n/a	n/a	0	22	0.03	2.31
Cpapap	n/a	n/a	Cpapa	225	n/a	n/a	n/a	n/a	n/a	0	22	0.08	3.27
ABalapapap	257	290	ABalapapa	226	63	3.983	2.578	0.014	0.041	22	22	0.03	1.07
ABprppapaa	262	296	ABprppapa	226	69	3.697	2.474	0.013	0.036	22	22	0.02	1.03
ABalaaappr	266	299	ABalaaapp	226	73	5.726	5.541	0.019	0.075	22	22	0.14	2.05
ABprpapaaa	270	304	ABprpapaa	226	77	4.768	4.624	0.016	0.059	22	22	0.04	0.94
ABprpapaap	270	304	ABprpapaa	226	77	2.41	2.586	0.008	0.033	22	22	0.06	1.49
ABalaaappl	276	311	ABalaaapp	226	85	5.163	3.713	0.017	0.043	22	22	0.06	1.38
ABprppapap	281	318	ABprppapa	226	91	6.885	6.049	0.022	0.066	22	22	0.03	1.67
ABalapapaa	n/a	n/a	ABalapapa	226	n/a	n/a	n/a	n/a	n/a	0	22	0.03	0.35
ABarpppapa	n/a	n/a	ABarpppap	226	n/a	n/a	n/a	n/a	n/a	0	22	0.06	2.61
ABarpppapp	n/a	n/a	ABarpppap	226	n/a	n/a	n/a	n/a	n/a	0	22	0.08	3.35
ABprappaaa	n/a	n/a	ABprappaa	226	n/a	n/a	n/a	n/a	n/a	0	22	0.03	1.41
ABprappaap	n/a	n/a	ABprappaa	226	n/a	n/a	n/a	n/a	n/a	0	22	0.03	1.94
ABprappapa	n/a	n/a	ABprappap	226	n/a	n/a	n/a	n/a	n/a	0	22	0.06	2.86
ABprappapp	n/a	n/a	ABprappap	226	n/a	n/a	n/a	n/a	n/a	0	22	0.06	2.13
ABalappapp	261	294	ABalappap	227	66	4.752	2.605	0.016	0.039	22	22	0.1	2.08
ABplppapaa	263	295	ABplppapa	227	68	3.181	1.926	0.011	0.028	22	22	0.04	1.17
ABalpppaaa	277	312	ABalpppaa	227	85	6.224	6.268	0.02	0.074	22	22	0.1	2.9
ABplppapap	278	314	ABplppapa	227	87	5.121	4.174	0.016	0.047	21	22	0.05	1.86
ABalpppaap	281	317	ABalpppaa	227	89	4.221	3.919	0.013	0.044	22	22	0.07	2.47
ABalappapa	291	331	ABalappap	227	103	13.275	13.537	0.04	0.134	16	22	0.06	2.05
ABarppaapa	n/a	n/a	ABarppaap	227	n/a	n/a	n/a	n/a	n/a	0	22	0.07	2.98
ABarppaapp	n/a	n/a	ABarppaap	227	n/a	n/a	n/a	n/a	n/a	0	22	0.06	3.01
ABplapaapa	n/a	n/a	ABplapaap	227	n/a	n/a	n/a	n/a	n/a	0	22	0.09	4.71
ABplapaapp	n/a	n/a	ABplapaap	227	n/a	n/a	n/a	n/a	n/a	0	22	0.06	2.23
Cpappd	n/a	n/a	Cpapp	227	n/a	n/a	n/a	n/a	n/a	0	22	0.07	2.63
Cpappv	n/a	n/a	Cpapp	227	n/a	n/a	n/a	n/a	n/a	0	22	0.03	2.16
Ealpa	n/a	n/a	Ealp	227	n/a	n/a	n/a	n/a	n/a	0	22	0.04	2.14
Ealpp	n/a	n/a	Ealp	227	n/a	n/a	n/a	n/a	n/a	0	22	0.06	2.5
ABarapaaaa	271	305	ABarapaaa	228	76	5.31	3.454	0.017	0.045	22	22	0.04	1.26
ABarappaaa	273	308	ABarappaa	228	79	6.017	5.399	0.02	0.068	22	22	0.03	0.91
ABarappaap	279	314	ABarappaa	228	86	6.483	5.263	0.021	0.061	22	22	0.05	1.12
ABarapaaap	279	315	ABarapaaa	228	86	6.481	6.012	0.021	0.069	21	22	0.02	0.96
ABarpappaa	n/a	n/a	ABarpappa	228	n/a	n/a	n/a	n/a	n/a	0	22	0.09	3.48
ABarpappap	n/a	n/a	ABarpappa	228	n/a	n/a	n/a	n/a	n/a	0	22	0.1	3.76
ABalapaaap	266	300	ABalapaaa	229	71	3.17	3.111	0.011	0.044	22	22	0.07	2.23
ABalapaaaa	323	347	ABalapaaa	229	118	5.878	3.441	0.017	0.028	7	22	0.06	2.24
ABplaaapaa	n/a	n/a	ABplaaapa	229	n/a	n/a	n/a	n/a	n/a	0	22	0.07	3.01
ABplaaapap	n/a	n/a	ABplaaapa	229	n/a	n/a	n/a	n/a	n/a	0	22	0.08	3.63
ABplapppap	266	300	ABplapppa	230	69	4.99	2.9	0.017	0.042	22	22	0.08	1.89
ABalaappap	273	307	ABalaappa	230	76	4.173	3.995	0.014	0.052	22	22	0.16	2.91
ABalpaaapp	277	312	ABalpaaap	230	81	6.556	4.808	0.021	0.059	22	22	0.07	2.25
ABalpaaapa	277	314	ABalpaaap	230	83	4.91	3.654	0.016	0.044	21	22	0.05	2.22
ABplapppaa	286	325	ABplapppa	230	95	6.522	4.612	0.02	0.049	20	22	0.08	2.53
Earaa	n/a	363	Eara	230	131	n/a	n/a	n/a	n/a	5	22	0.05	2.56
ABalaappaa	n/a	n/a	ABalaappa	230	n/a	n/a	n/a	n/a	n/a	0	22	0.17	1.05
ABplappppa	n/a	n/a	ABplapppp	230	n/a	n/a	n/a	n/a	n/a	0	22	0.05	1.48
ABplappppp	n/a	n/a	ABplapppp	230	n/a	n/a	n/a	n/a	n/a	0	22	0.02	1.24
ABprapaapa	n/a	n/a	ABprapaap	230	n/a	n/a	n/a	n/a	n/a	0	22	0.13	5.51
ABprapaapp	n/a	n/a	ABprapaap	230	n/a	n/a	n/a	n/a	n/a	0	22	0.08	2.74
Earap	n/a	n/a	Eara	230	n/a	n/a	n/a	n/a	n/a	0	22	0.04	1.74
MSpaapap	258	290	MSpaapa	231	58	3.705	2.28	0.013	0.039	22	22	0.05	1
MSpapapp	261	294	MSpapap	231	63	4.936	3.128	0.017	0.05	22	22	0.04	1.01
MSaapapp	261	294	MSaapap	231	63	4.912	2.646	0.017	0.042	22	22	0.02	0.52
ABalppaapp	273	307	ABalppaap	231	75	5.331	4.213	0.017	0.055	22	22	0.11	2.94
ABprppaapp	273	308	ABprppaap	231	76	4.065	4.272	0.013	0.055	22	22	0.05	0.96
ABprppappa	273	308	ABprppapp	231	77	3.651	3.859	0.012	0.05	22	22	0.07	1.42
ABplppappa	274	308	ABplppapp	231	77	5.076	3.256	0.016	0.042	22	22	0.07	1.91
ABplppaapp	274	309	ABplppaap	231	77	5.868	4.396	0.019	0.057	22	22	0.08	1.7
ABplppaapa	280	316	ABplppaap	231	85	4.67	4.287	0.015	0.05	21	22	0.03	1.64
ABprppaapa	280	316	ABprppaap	231	84	7.701	7.667	0.024	0.089	22	22	0.04	1.99
MSpaapaa	282	318	MSpaapa	231	86	6.693	5.898	0.021	0.069	22	22	0.08	2.22
ABplppappp	281	319	ABplppapp	231	88	6.209	5.325	0.019	0.06	20	22	0.04	1.22
ABprppappp	286	322	ABprppapp	231	91	4.073	4.484	0.013	0.049	22	22	0.04	1.04
MSpapapa	300	342	MSpapap	231	110	8.886	9.385	0.026	0.085	12	22	0.05	2.17
MSaapapa	313	350	MSaapap	231	118	2.385	3.908	0.007	0.032	8	22	0.05	2.39
ABalppaapa	n/a	n/a	ABalppaap	231	n/a	n/a	n/a	n/a	n/a	0	22	0.08	0.66
ABarpppaaa	n/a	n/a	ABarpppaa	231	n/a	n/a	n/a	n/a	n/a	0	22	0.06	2.44
ABarpppaap	n/a	n/a	ABarpppaa	231	n/a	n/a	n/a	n/a	n/a	0	22	0.09	3.09
Caappd	n/a	n/a	Caapp	231	n/a	n/a	n/a	n/a	n/a	0	22	0.07	2.71
Caappv	n/a	n/a	Caapp	231	n/a	n/a	n/a	n/a	n/a	0	22	0.03	1.78
ABalpaaaaa	272	306	ABalpaaaa	232	73	5.714	4.479	0.019	0.061	22	22	0.07	2.08
ABaraaaaap	278	313	ABaraaaaa	232	80	7.54	7.606	0.024	0.095	22	22	0.07	2.17
ABaraaaaaa	279	314	ABaraaaaa	232	80	7.597	5.509	0.024	0.068	22	22	0.09	2.75
ABpraaaaaa	279	315	ABpraaaaa	232	83	5.506	4.808	0.017	0.058	21	22	0.1	2.83
ABalpaaaap	280	317	ABalpaaaa	232	84	6.03	4.862	0.019	0.058	22	22	0.04	1.34
ABarpaaaap	283	323	ABarpaaaa	232	91	6.02	5.811	0.019	0.063	19	22	0.04	0.97
ABalaaaalp	287	324	ABalaaaal	232	91	5.173	5.656	0.016	0.061	22	22	0.04	2.38
ABarpaaaaa	287	326	ABarpaaaa	232	94	5.505	5.43	0.017	0.057	18	22	0.06	1.41
ABpraaaaap	286	326	ABpraaaaa	232	93	5.471	4.813	0.017	0.051	20	22	0.08	2.58
ABalaaaala	289	329	ABalaaaal	232	97	8.549	7.942	0.026	0.082	17	22	0.05	1.45
ABarppppaa	n/a	n/a	ABarppppa	232	n/a	n/a	n/a	n/a	n/a	0	22	0.07	2.4
ABarppppap	n/a	n/a	ABarppppa	232	n/a	n/a	n/a	n/a	n/a	0	22	0.08	2.45
Earpa	n/a	n/a	Earp	232	n/a	n/a	n/a	n/a	n/a	0	22	0.04	1.92
Earpp	n/a	n/a	Earp	232	n/a	n/a	n/a	n/a	n/a	0	22	0.07	2.29
Eplaa	n/a	n/a	Epla	232	n/a	n/a	n/a	n/a	n/a	0	22	0.03	1.49
Eplap	n/a	n/a	Epla	232	n/a	n/a	n/a	n/a	n/a	0	22	0.03	1.49
Cpppaa	268	302	Cpppa	233	69	5.439	2.366	0.018	0.034	22	22	0.08	1.88
ABprapppap	270	305	ABprapppa	233	71	5.524	3.806	0.018	0.053	22	22	0.05	1.3
ABalaaaarr	278	313	ABalaaaar	233	79	5.965	4.311	0.019	0.054	22	22	0.05	1.38
ABalaaaarl	278	313	ABalaaaar	233	79	5.513	3.61	0.018	0.045	22	22	0.05	1.24
Cpppap	279	316	Cpppa	233	83	5.857	5.774	0.019	0.07	22	22	0.03	1.07
ABprapppaa	291	332	ABprapppa	233	99	6.804	6.434	0.02	0.065	19	22	0.06	2.18
ABprappppa	n/a	n/a	ABprapppp	233	n/a	n/a	n/a	n/a	n/a	0	22	0.05	1.68
ABprappppp	n/a	n/a	ABprapppp	233	n/a	n/a	n/a	n/a	n/a	0	22	0.02	1.03
ABalppaaap	275	310	ABalppaaa	234	76	5.385	4.672	0.017	0.061	22	22	0.11	2.47
ABalppaaaa	n/a	n/a	ABalppaaa	234	n/a	n/a	n/a	n/a	n/a	0	22	0.11	1.03
ABarppaaaa	n/a	n/a	ABarppaaa	234	n/a	n/a	n/a	n/a	n/a	0	22	0.06	2.35
ABarppaaap	n/a	n/a	ABarppaaa	234	n/a	n/a	n/a	n/a	n/a	0	22	0.08	2.9
ABarpppppa	n/a	n/a	ABarppppp	234	n/a	n/a	n/a	n/a	n/a	0	22	0.05	1.68
ABarpppppp	n/a	n/a	ABarppppp	234	n/a	n/a	n/a	n/a	n/a	0	22	0.07	2.37
ABplppaaaa	263	296	ABplppaaa	235	61	4.511	1.993	0.015	0.033	22	22	0.03	1.4
ABprppaaaa	264	297	ABprppaaa	235	61	3.528	2.155	0.012	0.035	22	22	0.02	1.43
ABalaapapp	274	308	ABalaapap	235	73	6.835	4.155	0.022	0.056	22	22	0.12	2.26
ABalaapapa	n/a	n/a	ABalaapap	235	n/a	n/a	n/a	n/a	n/a	0	22	0.22	1.44
ABarppapaa	n/a	n/a	ABarppapa	235	n/a	n/a	n/a	n/a	n/a	0	22	0.06	2.05
ABarppapap	n/a	n/a	ABarppapa	235	n/a	n/a	n/a	n/a	n/a	0	22	0.06	2.2
ABplppaaap	n/a	n/a	ABplppaaa	235	n/a	n/a	n/a	n/a	n/a	0	22	0.12	1.18
ABprppaaap	n/a	n/a	ABprppaaa	235	n/a	n/a	n/a	n/a	n/a	0	22	0.09	1.06
Epraa	n/a	n/a	Epra	235	n/a	n/a	n/a	n/a	n/a	0	22	0.04	1.91
Eprap	n/a	n/a	Epra	235	n/a	n/a	n/a	n/a	n/a	0	22	0.04	1.72
ABalaapaap	287	324	ABalaapaa	236	87	5.584	3.501	0.017	0.04	20	22	0.07	1.92
ABalaapaaa	294	333	ABalaapaa	236	97	6.319	5.148	0.019	0.053	14	22	0.05	1.58
ABarppappa	n/a	n/a	ABarppapp	236	n/a	n/a	n/a	n/a	n/a	0	22	0.05	1.9
ABarppappp	n/a	n/a	ABarppapp	236	n/a	n/a	n/a	n/a	n/a	0	22	0.06	2.04
Cappaa	275	310	Cappa	237	72	6.062	3.312	0.02	0.046	22	22	0.08	1.71
Cppppa	280	316	Cpppp	237	78	9.319	6.975	0.029	0.089	22	22	0.11	3.08
Cappap	283	319	Cappa	237	82	4.786	3.566	0.015	0.043	21	22	0.04	1.27
ABarpaaapa	284	324	ABarpaaap	237	87	7.04	6.579	0.022	0.076	19	22	0.06	1.66
Cppppp	290	328	Cpppp	237	90	7.644	6.367	0.023	0.072	19	22	0.04	1.5
ABarpaaapp	n/a	n/a	ABarpaaap	237	n/a	n/a	n/a	n/a	n/a	0	22	0.02	0.34
ABaraaaapa	292	329	ABaraaaap	238	91	6.467	4.324	0.02	0.048	18	22	0.02	1.19
MSppaaaa	n/a	369	MSppaaa	238	130	n/a	n/a	n/a	n/a	6	22	0.03	1.37
Eplpp	n/a	373	Eplp	238	134	n/a	n/a	n/a	n/a	5	22	0.03	1.25
ABaraaaapp	n/a	n/a	ABaraaaap	238	n/a	n/a	n/a	n/a	n/a	0	22	0.11	1.09
Eplpa	n/a	n/a	Eplp	238	n/a	n/a	n/a	n/a	n/a	0	22	0.03	1.97
MSppaaap	n/a	n/a	MSppaaa	238	n/a	n/a	n/a	n/a	n/a	0	22	0.04	2.41
MSppapaa	n/a	n/a	MSppapa	238	n/a	n/a	n/a	n/a	n/a	0	22	0.04	1.89
MSppapap	n/a	n/a	MSppapa	238	n/a	n/a	n/a	n/a	n/a	0	22	0.03	1.3
ABalappaap	300	338	ABalappaa	239	98	7.332	7.114	0.022	0.073	13	22	0.03	1.14
MSapaaaa	n/a	375	MSapaaa	239	133	n/a	n/a	n/a	n/a	4	22	0.05	2.33
ABalappaaa	n/a	n/a	ABalappaa	239	n/a	n/a	n/a	n/a	n/a	0	22	0.09	1.14
MSapaaap	n/a	n/a	MSapaaa	239	n/a	n/a	n/a	n/a	n/a	0	22	0.03	1.86
MSapapaa	n/a	n/a	MSapapa	239	n/a	n/a	n/a	n/a	n/a	0	22	0.06	2.35
MSapapap	n/a	n/a	MSapapa	239	n/a	n/a	n/a	n/a	n/a	0	22	0.04	1.43
Eprpp	n/a	385	Eprp	241	146	n/a	n/a	n/a	n/a	5	22	0.03	1.62
Eprpa	n/a	n/a	Eprp	241	n/a	n/a	n/a	n/a	n/a	0	22	0.03	1.47
Capppa	283	322	Cappp	242	79	7.945	3.807	0.025	0.048	20	22	0.1	2.65
Capppp	295	336	Cappp	242	94	10.247	6.383	0.03	0.067	16	22	0.03	1.2
Cppaaa	286	323	Cppaa	244	79	7.534	4.926	0.023	0.062	21	22	0.09	1.98
Cppaap	301	336	Cppaa	244	92	6.354	4.054	0.019	0.044	15	22	0.1	3.39
Cppapa	291	330	Cppap	245	84	8.564	5.478	0.026	0.065	19	22	0.12	3.12
Cppapp	301	339	Cppap	245	94	7.47	5.523	0.022	0.058	14	22	0.06	1.99
Capaaa	287	326	Capaa	247	79	6.724	3.858	0.021	0.048	19	22	0.08	1.77
Capaap	296	335	Capaa	247	89	6.975	4.729	0.021	0.054	16	22	0.1	2.96
Capapa	293	332	Capap	248	84	5.997	3.729	0.018	0.044	17	22	0.11	2.72
Capapp	300	342	Capap	248	95	8.181	8.773	0.024	0.091	13	22	0.03	1.46
MSppappa	n/a	n/a	MSppapp	248	n/a	n/a	n/a	n/a	n/a	0	22	0.05	1.58
MSppappp	n/a	n/a	MSppapp	248	n/a	n/a	n/a	n/a	n/a	0	22	0.08	3.02
MSapappa	n/a	n/a	MSapapp	249	n/a	n/a	n/a	n/a	n/a	0	22	0.05	1.42
MSapappp	n/a	n/a	MSapapp	249	n/a	n/a	n/a	n/a	n/a	0	22	0.08	2.65
MSaaappa	n/a	n/a	MSaaapp	259	n/a	n/a	n/a	n/a	n/a	0	22	0.13	0.87
MSaaappp	n/a	n/a	MSaaapp	259	n/a	n/a	n/a	n/a	n/a	0	22	0.07	2.31
MSapppaa	n/a	n/a	MSapppa	260	n/a	n/a	n/a	n/a	n/a	0	22	0.01	0.51
MSapppap	n/a	n/a	MSapppa	260	n/a	n/a	n/a	n/a	n/a	0	22	0.06	1.7
MSapaapa	n/a	n/a	MSapaap	261	n/a	n/a	n/a	n/a	n/a	0	22	0.04	0.74
MSapaapp	n/a	n/a	MSapaap	261	n/a	n/a	n/a	n/a	n/a	0	22	0.13	4.03
MSpppaaa	n/a	n/a	MSpppaa	261	n/a	n/a	n/a	n/a	n/a	0	22		
MSpppaap	n/a	n/a	MSpppaa	261	n/a	n/a	n/a	n/a	n/a	0	22	0.12	3.74
MSppppaa	n/a	n/a	MSppppa	261	n/a	n/a	n/a	n/a	n/a	0	22	0.02	0.74
MSppppap	n/a	n/a	MSppppa	261	n/a	n/a	n/a	n/a	n/a	0	22	0.09	2.15
MSpapppa	301	347	MSpappp	263	85	15.114	14.551	0.044	0.184	9	22	0.06	1.43
MSpapppp	n/a	366	MSpappp	263	102	n/a	n/a	n/a	n/a	6	22	0.07	2.09
ABalpaapapa	n/a	n/a	ABalpaapap	263	n/a	n/a	n/a	n/a	n/a	0	22	0.1	2.95
ABalpaapapp	n/a	n/a	ABalpaapap	263	n/a	n/a	n/a	n/a	n/a	0	22	0.09	2.48
MSappaaa	n/a	n/a	MSappaa	263	n/a	n/a	n/a	n/a	n/a	0	22	0.09	2.57
MSappaap	n/a	n/a	MSappaa	263	n/a	n/a	n/a	n/a	n/a	0	22	0.13	3.89
MSppaapa	n/a	n/a	MSppaap	263	n/a	n/a	n/a	n/a	n/a	0	22	0.05	0.7
MSppaapp	n/a	n/a	MSppaap	263	n/a	n/a	n/a	n/a	n/a	0	22	0.18	5.23
ABalppppppp	293	337	ABalpppppp	264	74	4.218	4.002	0.013	0.055	11	22	0.07	2.05
ABalppppppa	308	347	ABalpppppp	264	83	2.697	3.383	0.008	0.04	9	22	0.03	1.32
ABalpappppa	n/a	n/a	ABalpapppp	265	n/a	n/a	n/a	n/a	n/a	0	22	0.03	0.89
ABalpappppp	n/a	n/a	ABalpapppp	265	n/a	n/a	n/a	n/a	n/a	0	22	0.04	1.76
MSappppa	n/a	n/a	MSapppp	265	n/a	n/a	n/a	n/a	n/a	0	22	0.09	1.95
MSappppp	n/a	n/a	MSapppp	265	n/a	n/a	n/a	n/a	n/a	0	22	0.07	2.13
MSaapppa	309	350	MSaappp	266	85	5.232	4.641	0.015	0.055	8	22	0.04	1.3
MSaapppp	n/a	376	MSaappp	266	109	n/a	n/a	n/a	n/a	6	22	0.05	1.62
ABarapapppa	n/a	n/a	ABarapappp	266	n/a	n/a	n/a	n/a	n/a	0	22	0.04	1.27
ABarapapppp	n/a	n/a	ABarapappp	266	n/a	n/a	n/a	n/a	n/a	0	22	0.07	2.19
MSpppppa	n/a	n/a	MSppppp	266	n/a	n/a	n/a	n/a	n/a	0	22	0.09	2.16
MSpppppp	n/a	n/a	MSppppp	266	n/a	n/a	n/a	n/a	n/a	0	22	0.06	1.8
Dappa	315	351	Dapp	268	85	6.553	1.386	0.019	0.017	7	22	0.08	2.08
Dappp	330	362	Dapp	268	96	0.283	6.718	0.001	0.073	7	22	0.1	2.62
ABplpappaaa	n/a	n/a	ABplpappaa	268	n/a	n/a	n/a	n/a	n/a	0	22	0.04	1.29
ABplpappaap	n/a	n/a	ABplpappaa	268	n/a	n/a	n/a	n/a	n/a	0	22	0.03	1.04
MSpppapa	n/a	n/a	MSpppap	268	n/a	n/a	n/a	n/a	n/a	0	22	0.13	1.18
MSpppapp	n/a	n/a	MSpppap	268	n/a	n/a	n/a	n/a	n/a	0	22	0.06	1.35
ABpraaapppp	312	348	ABpraaappp	269	78	3.844	1.045	0.011	0.013	9	22	0.07	2.16
Dpppa	320	352	Dppp	269	85	7.233	6.192	0.02	0.073	8	22	0.09	2.21
ABpraaapppa	323	358	ABpraaappp	269	87	1.779	1.436	0.005	0.017	8	22	0.03	1.54
Dpppp	n/a	364	Dppp	269	98	n/a	n/a	n/a	n/a	6	22	0.08	2.2
MSaaaaapa	307	345	MSaaaaap	271	74	3.334	2.978	0.01	0.04	8	22	0.06	1.32
Dapaa	n/a	n/a	Dapa	271	n/a	n/a	n/a	n/a	n/a	0	22	0.03	0.77
Dapap	n/a	n/a	Dapa	271	n/a	n/a	n/a	n/a	n/a	0	22	0.06	1.56
MSaaaaapp	n/a	n/a	MSaaaaap	271	n/a	n/a	n/a	n/a	n/a	0	22	0.06	1.38
ABalpappapa	n/a	n/a	ABalpappap	273	n/a	n/a	n/a	n/a	n/a	0	22	0.03	0.91
ABalpappapp	n/a	n/a	ABalpappap	273	n/a	n/a	n/a	n/a	n/a	0	22	0.1	2.59
MSappapa	n/a	n/a	MSappap	273	n/a	n/a	n/a	n/a	n/a	0	22	0.1	0.91
MSappapp	n/a	n/a	MSappap	273	n/a	n/a	n/a	n/a	n/a	0	22	0.05	1.33
ABaraapapaa	n/a	416	ABaraapapa	274	142	n/a	n/a	n/a	n/a	3	22	0.12	2.41
ABaraaapapa	n/a	n/a	ABaraaapap	274	n/a	n/a	n/a	n/a	n/a	0	22	0.1	2.14
ABaraaapapp	n/a	n/a	ABaraaapap	274	n/a	n/a	n/a	n/a	n/a	0	22	0.1	1.89
ABaraapapap	n/a	n/a	ABaraapapa	274	n/a	n/a	n/a	n/a	n/a	0	22	0.1	2.15
ABaraapppaa	n/a	n/a	ABaraapppa	274	n/a	n/a	n/a	n/a	n/a	0	22	0.09	2.16
ABaraapppap	n/a	n/a	ABaraapppa	274	n/a	n/a	n/a	n/a	n/a	0	22	0.1	2.09
Dppaa	n/a	n/a	Dppa	274	n/a	n/a	n/a	n/a	n/a	0	22	0.02	0.66
Dppap	n/a	n/a	Dppa	274	n/a	n/a	n/a	n/a	n/a	0	22	0.06	1.55
MSaapaapa	n/a	388	MSaapaap	276	114	n/a	n/a	n/a	n/a	4	22	0.06	1.26
Daaaa	n/a	n/a	Daaa	276	n/a	n/a	n/a	n/a	n/a	0	22	0.02	0.88
Daaap	n/a	n/a	Daaa	276	n/a	n/a	n/a	n/a	n/a	0	22	0.08	1.31
MSaapaapp	n/a	n/a	MSaapaap	276	n/a	n/a	n/a	n/a	n/a	0	22	0.05	1.24
MSaappaa	n/a	n/a	MSaappa	276	n/a	n/a	n/a	n/a	n/a	0	22	0.06	1.58
MSaappap	n/a	n/a	MSaappa	276	n/a	n/a	n/a	n/a	n/a	0	22	0.07	1.58
MSpapaapa	n/a	391	MSpapaap	277	115	n/a	n/a	n/a	n/a	3	22	0.06	1.18
MSpapaapp	n/a	n/a	MSpapaap	277	n/a	n/a	n/a	n/a	n/a	0	22	0.03	1.27
ABalappppaa	n/a	398	ABalappppa	278	120	n/a	n/a	n/a	n/a	3	22	0.08	2.14
ABalappppap	n/a	n/a	ABalappppa	278	n/a	n/a	n/a	n/a	n/a	0	22	0.1	2.13
ABarapaappa	n/a	n/a	ABarapaapp	278	n/a	n/a	n/a	n/a	n/a	0	22	0.1	2.09
ABarapaappp	n/a	n/a	ABarapaapp	278	n/a	n/a	n/a	n/a	n/a	0	22	0.07	1.19
ABplpppapaa	n/a	n/a	ABplpppapa	278	n/a	n/a	n/a	n/a	n/a	0	22	0.03	0.82
ABplpppapap	n/a	n/a	ABplpppapa	278	n/a	n/a	n/a	n/a	n/a	0	22	0.04	0.78
MSaaapaaa	n/a	n/a	MSaaapaa	278	n/a	n/a	n/a	n/a	n/a	0	22	0.06	0.99
MSaaapaap	n/a	n/a	MSaaapaa	278	n/a	n/a	n/a	n/a	n/a	0	22	0.04	1.04
MSpaaaapa	n/a	n/a	MSpaaaap	278	n/a	n/a	n/a	n/a	n/a	0	22	0.05	1.05
MSpaaaapp	n/a	n/a	MSpaaaap	278	n/a	n/a	n/a	n/a	n/a	0	22	0.03	0.62
ABalapappaa	n/a	399	ABalapappa	279	121	n/a	n/a	n/a	n/a	3	22	0.08	1.72
ABalapappap	n/a	n/a	ABalapappa	279	n/a	n/a	n/a	n/a	n/a	0	22	0.06	1.75
Dpaaa	n/a	n/a	Dpaa	279	n/a	n/a	n/a	n/a	n/a	0	22	0.02	0.91
Dpaap	n/a	n/a	Dpaa	279	n/a	n/a	n/a	n/a	n/a	0	22	0.08	1.42
MSpappaa	n/a	n/a	MSpappa	279	n/a	n/a	n/a	n/a	n/a	0	22	0.11	2.54
MSpappap	n/a	n/a	MSpappa	279	n/a	n/a	n/a	n/a	n/a	0	22	0.1	2.54
ABprpppapaa	n/a	n/a	ABprpppapa	280	n/a	n/a	n/a	n/a	n/a	0	21	0.04	0.98
ABprpppapap	n/a	n/a	ABprpppapa	280	n/a	n/a	n/a	n/a	n/a	0	21	0.06	1.15
Dpapa	n/a	n/a	Dpap	280	n/a	n/a	n/a	n/a	n/a	0	22	0.04	0.95
Dpapp	n/a	n/a	Dpap	280	n/a	n/a	n/a	n/a	n/a	0	22	0.05	1.29
Daapa	n/a	n/a	Daap	281	n/a	n/a	n/a	n/a	n/a	0	22	0.05	0.78
Daapp	n/a	n/a	Daap	281	n/a	n/a	n/a	n/a	n/a	0	22	0.06	1.09
MSpaaappa	n/a	n/a	MSpaaapp	281	n/a	n/a	n/a	n/a	n/a	0	22	0.05	1.08
MSpaaappp	n/a	n/a	MSpaaapp	281	n/a	n/a	n/a	n/a	n/a	0	22	0.05	1.07
MSaapaaaa	n/a	n/a	MSaapaaa	282	n/a	n/a	n/a	n/a	n/a	0	22	0.06	1.11
MSaapaaap	n/a	n/a	MSaapaaa	282	n/a	n/a	n/a	n/a	n/a	0	22	0.04	0.84
ABaraappapa	n/a	n/a	ABaraappap	283	n/a	n/a	n/a	n/a	n/a	0	22	0.06	0.95
ABaraappapp	n/a	n/a	ABaraappap	283	n/a	n/a	n/a	n/a	n/a	0	22	0.08	1.25
MSpapaaaa	n/a	n/a	MSpapaaa	283	n/a	n/a	n/a	n/a	n/a	0	22	0.05	1.06
MSpapaaap	n/a	n/a	MSpapaaa	283	n/a	n/a	n/a	n/a	n/a	0	22	0.06	1.4
ABalapppapa	n/a	400	ABalapppap	284	115	n/a	n/a	n/a	n/a	3	22	0.05	1.26
ABalapppapp	n/a	n/a	ABalapppap	284	n/a	n/a	n/a	n/a	n/a	0	22	0.05	1.36
ABalpaapaaa	n/a	n/a	ABalpaapaa	284	n/a	n/a	n/a	n/a	n/a	0	22	0.05	1
ABalpaapaap	n/a	n/a	ABalpaapaa	284	n/a	n/a	n/a	n/a	n/a	0	22	0.06	0.83
ABarapapapa	n/a	n/a	ABarapapap	284	n/a	n/a	n/a	n/a	n/a	0	22	0.06	1.01
ABarapapapp	n/a	n/a	ABarapapap	284	n/a	n/a	n/a	n/a	n/a	0	22	0.09	1.91
ABplaapappp	n/a	389	ABplaapapp	285	99	n/a	n/a	n/a	n/a	3	22	0.02	0.61
ABplaapappa	n/a	n/a	ABplaapapp	285	n/a	n/a	n/a	n/a	n/a	0	22	0.03	0.69
MSaaapapa	n/a	n/a	MSaaapap	285	n/a	n/a	n/a	n/a	n/a	0	22	0.08	1.4
MSaaapapp	n/a	n/a	MSaaapap	285	n/a	n/a	n/a	n/a	n/a	0	22	0.08	1.29
ABalppapppa	n/a	410	ABalppappp	286	124	n/a	n/a	n/a	n/a	3	22	0.05	1.04
ABalppapppp	n/a	n/a	ABalppappp	286	n/a	n/a	n/a	n/a	n/a	0	22	0.09	2.18
ABalpppppaa	n/a	n/a	ABalpppppa	286	n/a	n/a	n/a	n/a	n/a	0	22	0.01	0.54
ABalpppppap	n/a	n/a	ABalpppppa	286	n/a	n/a	n/a	n/a	n/a	0	22	0.01	0.44
ABalpppappp	n/a	373	ABalpppapp	287	85	n/a	n/a	n/a	n/a	4	21	0.05	1.24
ABarpapaapp	n/a	373	ABarpapaap	287	87	n/a	n/a	n/a	n/a	5	22	0.07	1.75
ABpraapappp	n/a	392	ABpraapapp	287	102	n/a	n/a	n/a	n/a	3	22	0.03	0.97
ABarapppppa	n/a	407	ABarappppp	287	121	n/a	n/a	n/a	n/a	3	22	0.07	1.4
ABalpppappa	n/a	n/a	ABalpppapp	287	n/a	n/a	n/a	n/a	n/a	0	21	0.08	0.66
ABarapppppp	n/a	n/a	ABarappppp	287	n/a	n/a	n/a	n/a	n/a	0	22	0.09	2.07
ABarpapaapa	n/a	n/a	ABarpapaap	287	n/a	n/a	n/a	n/a	n/a	0	22	0.11	1
ABpraapappa	n/a	n/a	ABpraapapp	287	n/a	n/a	n/a	n/a	n/a	0	22	0.02	0.7
ABprpappaaa	n/a	n/a	ABprpappaa	287	n/a	n/a	n/a	n/a	n/a	0	22	0.03	0.66
ABprpappaap	n/a	n/a	ABprpappaa	287	n/a	n/a	n/a	n/a	n/a	0	22	0.04	1.08
MSaaaapaa	n/a	n/a	MSaaaapa	287	n/a	n/a	n/a	n/a	n/a	0	22	0.08	1.79
MSaaaapap	n/a	n/a	MSaaaapa	287	n/a	n/a	n/a	n/a	n/a	0	22	0.06	1.11
ABaraapaapa	n/a	n/a	ABaraapaap	288	n/a	n/a	n/a	n/a	n/a	0	22	0.06	0.99
ABaraapaapp	n/a	n/a	ABaraapaap	288	n/a	n/a	n/a	n/a	n/a	0	22	0.09	1.43
ABplaaaaapp	n/a	380	ABplaaaaap	289	90	n/a	n/a	n/a	n/a	4	22	0.07	1.73
ABplpaapppp	n/a	399	ABplpaappp	289	110	n/a	n/a	n/a	n/a	3	22	0.12	2.71
ABalaappppa	n/a	405	ABalaapppp	289	117	n/a	n/a	n/a	n/a	3	22	0.05	1.24
ABalaappppp	n/a	n/a	ABalaapppp	289	n/a	n/a	n/a	n/a	n/a	0	22	0.06	1.32
ABplaaaaapa	n/a	n/a	ABplaaaaap	289	n/a	n/a	n/a	n/a	n/a	0	22	0.09	1.18
ABplpaapppa	n/a	n/a	ABplpaappp	289	n/a	n/a	n/a	n/a	n/a	0	22	0.1	1.57
ABprpappapa	n/a	n/a	ABprpappap	289	n/a	n/a	n/a	n/a	n/a	0	22	0.04	1.16
ABprpappapp	n/a	n/a	ABprpappap	289	n/a	n/a	n/a	n/a	n/a	0	22	0.05	1.33
ABalppppapa	n/a	395	ABalppppap	290	108	n/a	n/a	n/a	n/a	3	22	0.07	1.44
ABalpapapap	n/a	401	ABalpapapa	290	109	n/a	n/a	n/a	n/a	3	22	0.03	0.9
ABplpaaappa	n/a	402	ABplpaaapp	290	113	n/a	n/a	n/a	n/a	3	22	0.06	1.45
ABprpaaappa	n/a	408	ABprpaaapp	290	120	n/a	n/a	n/a	n/a	3	22	0.1	1.74
ABalpapapaa	n/a	n/a	ABalpapapa	290	n/a	n/a	n/a	n/a	n/a	0	22	0.06	1.11
ABalppppapp	n/a	n/a	ABalppppap	290	n/a	n/a	n/a	n/a	n/a	0	22	0.15	1.14
ABplpaaaapa	n/a	n/a	ABplpaaaap	290	n/a	n/a	n/a	n/a	n/a	0	22	0.14	2.75
ABplpaaaapp	n/a	n/a	ABplpaaaap	290	n/a	n/a	n/a	n/a	n/a	0	22	0.18	3.48
ABplpaaappp	n/a	n/a	ABplpaaapp	290	n/a	n/a	n/a	n/a	n/a	0	22	0.1	2.08
ABprpaaappp	n/a	n/a	ABprpaaapp	290	n/a	n/a	n/a	n/a	n/a	0	22	0.11	1.98
ABprpaapppp	n/a	394	ABprpaappp	291	104	n/a	n/a	n/a	n/a	3	22	0.17	3.06
ABalapapapa	n/a	401	ABalapapap	291	110	n/a	n/a	n/a	n/a	3	22	0.05	1.29
ABalapaappa	n/a	408	ABalapaapp	291	118	n/a	n/a	n/a	n/a	3	22	0.06	0.92
ABalapaappp	n/a	n/a	ABalapaapp	291	n/a	n/a	n/a	n/a	n/a	0	22	0.07	1.06
ABalapapapp	n/a	n/a	ABalapapap	291	n/a	n/a	n/a	n/a	n/a	0	22	0.05	1.08
ABalapppppa	n/a	n/a	ABalappppp	291	n/a	n/a	n/a	n/a	n/a	0	22	0.09	1.74
ABalapppppp	n/a	n/a	ABalappppp	291	n/a	n/a	n/a	n/a	n/a	0	22	0.12	2.34
ABalpapaaaa	n/a	n/a	ABalpapaaa	291	n/a	n/a	n/a	n/a	n/a	0	22	0.03	0.76
ABalpapaaap	n/a	n/a	ABalpapaaa	291	n/a	n/a	n/a	n/a	n/a	0	22	0.04	0.9
ABaraaapaaa	n/a	n/a	ABaraaapaa	291	n/a	n/a	n/a	n/a	n/a	0	22	0.04	0.71
ABaraaapaap	n/a	n/a	ABaraaapaa	291	n/a	n/a	n/a	n/a	n/a	0	22	0.03	0.38
ABplpapapaa	n/a	n/a	ABplpapapa	291	n/a	n/a	n/a	n/a	n/a	0	22	0.08	1.6
ABplpapapap	n/a	n/a	ABplpapapa	291	n/a	n/a	n/a	n/a	n/a	0	22	0.09	1.67
ABprpaaaapa	n/a	n/a	ABprpaaaap	291	n/a	n/a	n/a	n/a	n/a	0	22	0.18	3.07
ABprpaaaapp	n/a	n/a	ABprpaaaap	291	n/a	n/a	n/a	n/a	n/a	0	22	0.18	3.21
ABprpaapppa	n/a	n/a	ABprpaappp	291	n/a	n/a	n/a	n/a	n/a	0	22	0.11	1.83
ABprpapapaa	n/a	n/a	ABprpapapa	291	n/a	n/a	n/a	n/a	n/a	0	22	0.08	1.45
ABprpapapap	n/a	n/a	ABprpapapa	291	n/a	n/a	n/a	n/a	n/a	0	22	0.08	1.59
ABprppppapa	n/a	n/a	ABprppppap	291	n/a	n/a	n/a	n/a	n/a	0	22	0.05	0.86
ABprppppapp	n/a	n/a	ABprppppap	291	n/a	n/a	n/a	n/a	n/a	0	22	0.03	0.64
MSpaapapa	n/a	n/a	MSpaapap	291	n/a	n/a	n/a	n/a	n/a	0	22	0.07	1.21
MSpaapapp	n/a	n/a	MSpaapap	291	n/a	n/a	n/a	n/a	n/a	0	22	0.08	1.27
ABalpappaap	n/a	394	ABalpappaa	292	103	n/a	n/a	n/a	n/a	3	22	0.09	1.63
ABalpappaaa	n/a	n/a	ABalpappaa	292	n/a	n/a	n/a	n/a	n/a	0	22	0.14	1.56
ABplppppapa	n/a	n/a	ABplppppap	292	n/a	n/a	n/a	n/a	n/a	0	22	0.03	0.78
ABplppppapp	n/a	n/a	ABplppppap	292	n/a	n/a	n/a	n/a	n/a	0	22	0.02	0.32
ABprpappppa	n/a	n/a	ABprpapppp	292	n/a	n/a	n/a	n/a	n/a	0	22	0.06	0.99
ABprpappppp	n/a	n/a	ABprpapppp	292	n/a	n/a	n/a	n/a	n/a	0	22	0.07	0.92
ABpraaaappp	n/a	383	ABpraaaapp	293	89	n/a	n/a	n/a	n/a	3	22	0.05	1.14
ABplpaappaa	n/a	n/a	ABplpaappa	293	n/a	n/a	n/a	n/a	n/a	0	22	0.02	0.39
ABplpaappap	n/a	n/a	ABplpaappa	293	n/a	n/a	n/a	n/a	n/a	0	22	0.08	1.51
ABplpapappa	n/a	n/a	ABplpapapp	293	n/a	n/a	n/a	n/a	n/a	0	22	0.1	1.77
ABplpapappp	n/a	n/a	ABplpapapp	293	n/a	n/a	n/a	n/a	n/a	0	22	0.06	1.08
ABplppppaaa	n/a	n/a	ABplppppaa	293	n/a	n/a	n/a	n/a	n/a	0	22	0.08	1.35
ABplppppaap	n/a	n/a	ABplppppaa	293	n/a	n/a	n/a	n/a	n/a	0	22	0.08	1.51
ABplppppppa	n/a	n/a	ABplpppppp	293	n/a	n/a	n/a	n/a	n/a	0	22	0.05	0.9
ABplppppppp	n/a	n/a	ABplpppppp	293	n/a	n/a	n/a	n/a	n/a	0	22	0.04	0.63
ABpraaaappa	n/a	n/a	ABpraaaapp	293	n/a	n/a	n/a	n/a	n/a	0	22	0.11	0.64
ABprpaappaa	n/a	n/a	ABprpaappa	293	n/a	n/a	n/a	n/a	n/a	0	22	0.03	0.62
ABprpaappap	n/a	n/a	ABprpaappa	293	n/a	n/a	n/a	n/a	n/a	0	22	0.09	1.74
ABprpapappa	n/a	n/a	ABprpapapp	293	n/a	n/a	n/a	n/a	n/a	0	22	0.06	1.42
ABprpapappp	n/a	n/a	ABprpapapp	293	n/a	n/a	n/a	n/a	n/a	0	22	0.09	1.61
ABprppppppa	n/a	n/a	ABprpppppp	293	n/a	n/a	n/a	n/a	n/a	0	22	0.04	0.83
ABprppppppp	n/a	n/a	ABprpppppp	293	n/a	n/a	n/a	n/a	n/a	0	22	0.02	0.57
ABarapapaap	n/a	390	ABarapapaa	294	99	n/a	n/a	n/a	n/a	4	22	0.1	1.57
ABalapapppa	n/a	n/a	ABalapappp	294	n/a	n/a	n/a	n/a	n/a	0	22	0.09	1.58
ABalapapppp	n/a	n/a	ABalapappp	294	n/a	n/a	n/a	n/a	n/a	0	22	0.07	1.54
ABarapapaaa	n/a	n/a	ABarapapaa	294	n/a	n/a	n/a	n/a	n/a	0	22	0.1	0.83
ABprppppaaa	n/a	n/a	ABprppppaa	294	n/a	n/a	n/a	n/a	n/a	0	22	0.07	1.06
ABprppppaap	n/a	n/a	ABprppppaa	294	n/a	n/a	n/a	n/a	n/a	0	22	0.09	1.44
ABarappapap	n/a	407	ABarappapa	295	114	n/a	n/a	n/a	n/a	3	22	0.07	1.16
ABalappappa	n/a	n/a	ABalappapp	295	n/a	n/a	n/a	n/a	n/a	0	22	0.07	1.25
ABalappappp	n/a	n/a	ABalappapp	295	n/a	n/a	n/a	n/a	n/a	0	22	0.05	1.17
ABalapppaaa	n/a	n/a	ABalapppaa	295	n/a	n/a	n/a	n/a	n/a	0	22	0.06	0.82
ABalapppaap	n/a	n/a	ABalapppaa	295	n/a	n/a	n/a	n/a	n/a	0	22	0.08	1.36
ABarappapaa	n/a	n/a	ABarappapa	295	n/a	n/a	n/a	n/a	n/a	0	22	0.1	1.88
ABplaapaapa	n/a	n/a	ABplaapaap	295	n/a	n/a	n/a	n/a	n/a	0	22	0.08	1.38
ABplaapaapp	n/a	n/a	ABplaapaap	295	n/a	n/a	n/a	n/a	n/a	0	22	0.12	2.13
ABpraaappaa	n/a	n/a	ABpraaappa	295	n/a	n/a	n/a	n/a	n/a	0	22	0.03	0.86
ABpraaappap	n/a	n/a	ABpraaappa	295	n/a	n/a	n/a	n/a	n/a	0	22	0.02	0.63
ABpraapaapa	n/a	n/a	ABpraapaap	295	n/a	n/a	n/a	n/a	n/a	0	22	0.08	1.38
ABpraapaapp	n/a	n/a	ABpraapaap	295	n/a	n/a	n/a	n/a	n/a	0	22	0.1	1.99
ABprpapppaa	n/a	n/a	ABprpapppa	295	n/a	n/a	n/a	n/a	n/a	0	22	0.11	1.67
ABprpapppap	n/a	n/a	ABprpapppa	295	n/a	n/a	n/a	n/a	n/a	0	22	0.07	1.39
MSaapappa	n/a	n/a	MSaapapp	295	n/a	n/a	n/a	n/a	n/a	0	22	0.14	2.65
MSaapappp	n/a	n/a	MSaapapp	295	n/a	n/a	n/a	n/a	n/a	0	22	0.05	1.01
MSpapappa	n/a	n/a	MSpapapp	295	n/a	n/a	n/a	n/a	n/a	0	22	0.14	2.55
MSpapappp	n/a	n/a	MSpapapp	295	n/a	n/a	n/a	n/a	n/a	0	22	0.07	1.6
ABalppappaa	n/a	n/a	ABalppappa	296	n/a	n/a	n/a	n/a	n/a	0	22	0.05	0.85
ABalppappap	n/a	n/a	ABalppappa	296	n/a	n/a	n/a	n/a	n/a	0	22	0.06	1.09
ABarappppaa	n/a	n/a	ABarappppa	296	n/a	n/a	n/a	n/a	n/a	0	22	0.07	0.99
ABarappppap	n/a	n/a	ABarappppa	296	n/a	n/a	n/a	n/a	n/a	0	22	0.08	1.24
ABplppapaaa	n/a	n/a	ABplppapaa	296	n/a	n/a	n/a	n/a	n/a	0	22	0.11	1.76
ABplppapaap	n/a	n/a	ABplppapaa	296	n/a	n/a	n/a	n/a	n/a	0	22	0.09	1.76
ABplppaaaap	n/a	392	ABplppaaaa	297	94	n/a	n/a	n/a	n/a	4	22	0.06	1.31
ABalpaapppa	n/a	n/a	ABalpaappp	297	n/a	n/a	n/a	n/a	n/a	0	22	0.07	1.15
ABalpaapppp	n/a	n/a	ABalpaappp	297	n/a	n/a	n/a	n/a	n/a	0	22	0.05	0.82
ABalppppaad	n/a	n/a	ABalppppaa	297	n/a	n/a	n/a	n/a	n/a	0	22	0.04	0.71
ABalppppaav	n/a	n/a	ABalppppaa	297	n/a	n/a	n/a	n/a	n/a	0	22	0.06	0.99
ABplppaaaaa	n/a	n/a	ABplppaaaa	297	n/a	n/a	n/a	n/a	n/a	0	22	0.06	1.02
ABprppapaaa	n/a	n/a	ABprppapaa	297	n/a	n/a	n/a	n/a	n/a	0	22	0.11	1.44
ABprppapaap	n/a	n/a	ABprppapaa	297	n/a	n/a	n/a	n/a	n/a	0	22	0.1	1.49
ABprppaaaap	n/a	388	ABprppaaaa	298	90	n/a	n/a	n/a	n/a	3	22	0.11	1.79
ABalpppapad	n/a	n/a	ABalpppapa	298	n/a	n/a	n/a	n/a	n/a	0	22	0.09	1.21
ABalpppapav	n/a	n/a	ABalpppapa	298	n/a	n/a	n/a	n/a	n/a	0	22	0.03	0.47
ABprppaaaaa	n/a	n/a	ABprppaaaa	298	n/a	n/a	n/a	n/a	n/a	0	22	0.07	1.26
ABpraaapapa	n/a	411	ABpraaapap	299	114	n/a	n/a	n/a	n/a	2	22	0.09	1.36
ABalaaapall	n/a	n/a	ABalaaapal	299	n/a	n/a	n/a	n/a	n/a	0	22	0.04	0.55
ABalaaapalr	n/a	n/a	ABalaaapal	299	n/a	n/a	n/a	n/a	n/a	0	22	0.04	0.63
ABalppapapa	n/a	n/a	ABalppapap	299	n/a	n/a	n/a	n/a	n/a	0	22	0.05	0.89
ABalppapapp	n/a	n/a	ABalppapap	299	n/a	n/a	n/a	n/a	n/a	0	22	0.05	0.88
ABplpaaaaaa	n/a	n/a	ABplpaaaaa	299	n/a	n/a	n/a	n/a	n/a	0	22	0.03	0.46
ABplpaaaaap	n/a	n/a	ABplpaaaaa	299	n/a	n/a	n/a	n/a	n/a	0	22	0.03	1.09
ABplpaapapa	n/a	n/a	ABplpaapap	299	n/a	n/a	n/a	n/a	n/a	0	22	0.1	1.56
ABplpaapapp	n/a	n/a	ABplpaapap	299	n/a	n/a	n/a	n/a	n/a	0	22	0.12	1.4
ABplpapppaa	n/a	n/a	ABplpapppa	299	n/a	n/a	n/a	n/a	n/a	0	22	0.07	0.83
ABplpapppap	n/a	n/a	ABplpapppa	299	n/a	n/a	n/a	n/a	n/a	0	22	0.05	0.71
ABpraaapapp	n/a	n/a	ABpraaapap	299	n/a	n/a	n/a	n/a	n/a	0	22	0.15	1.03
ABalaaapprl	n/a	n/a	ABalaaappr	300	n/a	n/a	n/a	n/a	n/a	0	22	0.03	0.54
ABalaaapprr	n/a	n/a	ABalaaappr	300	n/a	n/a	n/a	n/a	n/a	0	22	0.04	0.71
ABarapppapa	n/a	n/a	ABarapppap	300	n/a	n/a	n/a	n/a	n/a	0	22	0.08	1.3
ABarapppapp	n/a	n/a	ABarapppap	300	n/a	n/a	n/a	n/a	n/a	0	22	0.08	1.38
ABplapaaapa	n/a	n/a	ABplapaaap	300	n/a	n/a	n/a	n/a	n/a	0	22	0.04	0.68
ABplapaaapp	n/a	n/a	ABplapaaap	300	n/a	n/a	n/a	n/a	n/a	0	22	0.07	0.94
ABplpaapaaa	n/a	n/a	ABplpaapaa	300	n/a	n/a	n/a	n/a	n/a	0	22	0.03	0.5
ABplpaapaap	n/a	n/a	ABplpaapaa	300	n/a	n/a	n/a	n/a	n/a	0	22	0.05	0.79
ABplpppaapa	n/a	n/a	ABplpppaap	300	n/a	n/a	n/a	n/a	n/a	0	22	0.08	1.34
ABplpppaapp	n/a	n/a	ABplpppaap	300	n/a	n/a	n/a	n/a	n/a	0	22	0.03	0.75
MSaaaappa	n/a	n/a	MSaaaapp	300	n/a	n/a	n/a	n/a	n/a	0	22	0.1	1.28
MSaaaappp	n/a	n/a	MSaaaapp	300	n/a	n/a	n/a	n/a	n/a	0	22	0.07	0.85
ABplapppapp	n/a	406	ABplapppap	301	103	n/a	n/a	n/a	n/a	3	22	0.08	1.44
ABalapaaapa	n/a	n/a	ABalapaaap	301	n/a	n/a	n/a	n/a	n/a	0	22	0.06	0.84
ABalapaaapp	n/a	n/a	ABalapaaap	301	n/a	n/a	n/a	n/a	n/a	0	22	0.04	0.77
ABarappappa	n/a	n/a	ABarappapp	301	n/a	n/a	n/a	n/a	n/a	0	22	0.17	2.34
ABarappappp	n/a	n/a	ABarappapp	301	n/a	n/a	n/a	n/a	n/a	0	22	0.11	1.67
ABplapppapa	n/a	n/a	ABplapppap	301	n/a	n/a	n/a	n/a	n/a	0	22	0.09	0.61
ABprpaaaaaa	n/a	n/a	ABprpaaaaa	301	n/a	n/a	n/a	n/a	n/a	0	22	0.03	0.47
ABprpaaaaap	n/a	n/a	ABprpaaaaa	301	n/a	n/a	n/a	n/a	n/a	0	22	0.02	0.75
ABprpaapaaa	n/a	n/a	ABprpaapaa	301	n/a	n/a	n/a	n/a	n/a	0	22	0.04	0.58
ABprpaapaap	n/a	n/a	ABprpaapaa	301	n/a	n/a	n/a	n/a	n/a	0	22	0.06	0.85
ABprpaapapa	n/a	n/a	ABprpaapap	301	n/a	n/a	n/a	n/a	n/a	0	22	0.14	2
ABprpaapapp	n/a	n/a	ABprpaapap	301	n/a	n/a	n/a	n/a	n/a	0	22	0.14	1.61
ABplapaaaap	n/a	418	ABplapaaaa	302	113	n/a	n/a	n/a	n/a	2	22	0.06	1.17
ABalpapappa	n/a	n/a	ABalpapapp	302	n/a	n/a	n/a	n/a	n/a	0	22	0.2	2.06
ABalpapappp	n/a	n/a	ABalpapapp	302	n/a	n/a	n/a	n/a	n/a	0	22	0.1	1.64
ABaraaapppa	n/a	n/a	ABaraaappp	302	n/a	n/a	n/a	n/a	n/a	0	22	0.08	0.78
ABaraaapppp	n/a	n/a	ABaraaappp	302	n/a	n/a	n/a	n/a	n/a	0	22	0.09	1.08
ABaraappaaa	n/a	n/a	ABaraappaa	302	n/a	n/a	n/a	n/a	n/a	0	22	0.04	0.59
ABaraappaap	n/a	n/a	ABaraappaa	302	n/a	n/a	n/a	n/a	n/a	0	22	0.02	0.38
ABplapaaaaa	n/a	n/a	ABplapaaaa	302	n/a	n/a	n/a	n/a	n/a	0	22	0.14	1.25
ABaraapaaaa	n/a	n/a	ABaraapaaa	303	n/a	n/a	n/a	n/a	n/a	0	22	0.04	0.55
ABaraapaaap	n/a	n/a	ABaraapaaa	303	n/a	n/a	n/a	n/a	n/a	0	22	0.04	0.43
ABpraaaapad	n/a	n/a	ABpraaaapa	303	n/a	n/a	n/a	n/a	n/a	0	22	0.16	2.09
ABpraaaapav	n/a	n/a	ABpraaaapa	303	n/a	n/a	n/a	n/a	n/a	0	22	0.05	0.83
ABprapaaapa	n/a	n/a	ABprapaaap	303	n/a	n/a	n/a	n/a	n/a	0	22	0.05	0.88
ABprapaaapp	n/a	n/a	ABprapaaap	303	n/a	n/a	n/a	n/a	n/a	0	22	0.08	1.16
ABprpppaaaa	n/a	n/a	ABprpppaaa	303	n/a	n/a	n/a	n/a	n/a	0	21	0.08	1
ABprpppaaap	n/a	n/a	ABprpppaaa	303	n/a	n/a	n/a	n/a	n/a	0	21	0.03	0.66
Cpppaaa	n/a	n/a	Cpppaa	303	n/a	n/a	n/a	n/a	n/a	0	22	0.05	0.68
Cpppaap	n/a	n/a	Cpppaa	303	n/a	n/a	n/a	n/a	n/a	0	22	0.04	0.75
ABarapppaaa	n/a	n/a	ABarapppaa	304	n/a	n/a	n/a	n/a	n/a	0	22	0.07	1.01
ABarapppaap	n/a	n/a	ABarapppaa	304	n/a	n/a	n/a	n/a	n/a	0	22	0.1	1.27
ABplpapaaaa	n/a	n/a	ABplpapaaa	304	n/a	n/a	n/a	n/a	n/a	0	22	0.06	0.96
ABplpapaaap	n/a	n/a	ABplpapaaa	304	n/a	n/a	n/a	n/a	n/a	0	22	0.04	0.65
ABplpappppa	n/a	n/a	ABplpapppp	304	n/a	n/a	n/a	n/a	n/a	0	22	0.08	0.97
ABplpappppp	n/a	n/a	ABplpapppp	304	n/a	n/a	n/a	n/a	n/a	0	22	0.05	0.88
ABplpppaaaa	n/a	n/a	ABplpppaaa	304	n/a	n/a	n/a	n/a	n/a	0	22	0.07	0.88
ABplpppaaap	n/a	n/a	ABplpppaaa	304	n/a	n/a	n/a	n/a	n/a	0	22	0.04	0.79
ABprpppaapa	n/a	n/a	ABprpppaap	304	n/a	n/a	n/a	n/a	n/a	0	22	0.09	1.06
ABprpppaapp	n/a	n/a	ABprpppaap	304	n/a	n/a	n/a	n/a	n/a	0	22	0.02	0.55
ABplapapppp	n/a	400	ABplapappp	305	91	n/a	n/a	n/a	n/a	2	21	0.04	0.62
ABalppapaaa	n/a	n/a	ABalppapaa	305	n/a	n/a	n/a	n/a	n/a	0	22	0.05	0.59
ABalppapaap	n/a	n/a	ABalppapaa	305	n/a	n/a	n/a	n/a	n/a	0	22	0.08	1.05
ABplapapppa	n/a	n/a	ABplapappp	305	n/a	n/a	n/a	n/a	n/a	0	21	0.06	0.58
ABplpapaapa	n/a	n/a	ABplpapaap	305	n/a	n/a	n/a	n/a	n/a	0	22	0.11	1.15
ABplpapaapp	n/a	n/a	ABplpapaap	305	n/a	n/a	n/a	n/a	n/a	0	22	0.07	1.13
ABprpapaaaa	n/a	n/a	ABprpapaaa	305	n/a	n/a	n/a	n/a	n/a	0	22	0.05	0.8
ABprpapaaap	n/a	n/a	ABprpapaaa	305	n/a	n/a	n/a	n/a	n/a	0	22	0.05	0.54
ABprpapaapa	n/a	n/a	ABprpapaap	305	n/a	n/a	n/a	n/a	n/a	0	22	0.11	1.41
ABprpapaapp	n/a	n/a	ABprpapaap	305	n/a	n/a	n/a	n/a	n/a	0	22	0.15	1.53
ABprapppapp	n/a	411	ABprapppap	306	103	n/a	n/a	n/a	n/a	3	22	0.06	1
ABarapaaaaa	n/a	n/a	ABarapaaaa	306	n/a	n/a	n/a	n/a	n/a	0	22	0.04	0.54
ABarapaaaap	n/a	n/a	ABarapaaaa	306	n/a	n/a	n/a	n/a	n/a	0	22	0.04	0.41
ABprapppapa	n/a	n/a	ABprapppap	306	n/a	n/a	n/a	n/a	n/a	0	22	0.07	0.5
Caapaa	n/a	n/a	Caapa	306	n/a	n/a	n/a	n/a	n/a	0	22	0.04	0.77
Caapap	n/a	n/a	Caapa	306	n/a	n/a	n/a	n/a	n/a	0	22	0.08	1.06
ABprapaaaap	n/a	418	ABprapaaaa	307	107	n/a	n/a	n/a	n/a	2	22	0.12	1.37
ABalpaaaaaa	n/a	n/a	ABalpaaaaa	307	n/a	n/a	n/a	n/a	n/a	0	22	0.06	0.78
ABalpaaaaap	n/a	n/a	ABalpaaaaa	307	n/a	n/a	n/a	n/a	n/a	0	22	0.04	0.62
ABplaapaaaa	n/a	n/a	ABplaapaaa	307	n/a	n/a	n/a	n/a	n/a	0	22	0.1	1.27
ABplaapaaap	n/a	n/a	ABplaapaaa	307	n/a	n/a	n/a	n/a	n/a	0	22	0.08	1.09
ABpraapaaaa	n/a	n/a	ABpraapaaa	307	n/a	n/a	n/a	n/a	n/a	0	22	0.13	1.5
ABpraapaaap	n/a	n/a	ABpraapaaa	307	n/a	n/a	n/a	n/a	n/a	0	22	0.12	1.76
ABprapaaaaa	n/a	n/a	ABprapaaaa	307	n/a	n/a	n/a	n/a	n/a	0	22	0.14	1.23
ABalaappapa	n/a	n/a	ABalaappap	308	n/a	n/a	n/a	n/a	n/a	0	22	0.07	0.66
ABalaappapp	n/a	n/a	ABalaappap	308	n/a	n/a	n/a	n/a	n/a	0	22	0.07	1.03
ABalppaappa	n/a	n/a	ABalppaapp	308	n/a	n/a	n/a	n/a	n/a	0	22	0.08	0.87
ABalppaappp	n/a	n/a	ABalppaapp	308	n/a	n/a	n/a	n/a	n/a	0	22	0.06	1.06
ABplaapapaa	n/a	n/a	ABplaapapa	308	n/a	n/a	n/a	n/a	n/a	0	22	0.07	0.89
ABplaapapap	n/a	n/a	ABplaapapa	308	n/a	n/a	n/a	n/a	n/a	0	22	0.07	0.94
ABalaapappa	n/a	n/a	ABalaapapp	309	n/a	n/a	n/a	n/a	n/a	0	22	0.15	1.35
ABalaapappp	n/a	n/a	ABalaapapp	309	n/a	n/a	n/a	n/a	n/a	0	22	0.17	1.67
ABalpaappaa	n/a	n/a	ABalpaappa	309	n/a	n/a	n/a	n/a	n/a	0	22	0.02	0.36
ABalpaappap	n/a	n/a	ABalpaappa	309	n/a	n/a	n/a	n/a	n/a	0	22	0.03	0.41
ABarappaaaa	n/a	n/a	ABarappaaa	309	n/a	n/a	n/a	n/a	n/a	0	22	0.07	0.86
ABarappaaap	n/a	n/a	ABarappaaa	309	n/a	n/a	n/a	n/a	n/a	0	22	0.07	0.79
ABplppappaa	n/a	n/a	ABplppappa	309	n/a	n/a	n/a	n/a	n/a	0	22	0.13	1.42
ABplppappap	n/a	n/a	ABplppappa	309	n/a	n/a	n/a	n/a	n/a	0	22	0.15	1.63
ABpraaapaad	n/a	n/a	ABpraaapaa	309	n/a	n/a	n/a	n/a	n/a	0	22	0.04	0.48
ABpraaapaav	n/a	n/a	ABpraaapaa	309	n/a	n/a	n/a	n/a	n/a	0	22	0.05	0.58
ABpraapapaa	n/a	n/a	ABpraapapa	309	n/a	n/a	n/a	n/a	n/a	0	22	0.08	1.11
ABpraapapap	n/a	n/a	ABpraapapa	309	n/a	n/a	n/a	n/a	n/a	0	22	0.08	0.97
ABprppaappa	n/a	n/a	ABprppaapp	309	n/a	n/a	n/a	n/a	n/a	0	22	0.16	1.81
ABprppaappp	n/a	n/a	ABprppaapp	309	n/a	n/a	n/a	n/a	n/a	0	22	0.13	1.4
ABprppappaa	n/a	n/a	ABprppappa	309	n/a	n/a	n/a	n/a	n/a	0	22	0.18	1.71
ABprppappap	n/a	n/a	ABprppappa	309	n/a	n/a	n/a	n/a	n/a	0	22	0.15	1.56
ABprapapppp	n/a	394	ABprapappp	310	86	n/a	n/a	n/a	n/a	2	22	0.08	0.71
ABalpapaapa	n/a	n/a	ABalpapaap	310	n/a	n/a	n/a	n/a	n/a	0	22	0.05	0.73
ABalpapaapp	n/a	n/a	ABalpapaap	310	n/a	n/a	n/a	n/a	n/a	0	22	0.06	0.8
ABplppaappa	n/a	n/a	ABplppaapp	310	n/a	n/a	n/a	n/a	n/a	0	22	0.11	1.5
ABplppaappp	n/a	n/a	ABplppaapp	310	n/a	n/a	n/a	n/a	n/a	0	22	0.13	1.29
ABprapapppa	n/a	n/a	ABprapappp	310	n/a	n/a	n/a	n/a	n/a	0	22	0.12	1.04
ABprpppppaa	n/a	n/a	ABprpppppa	310	n/a	n/a	n/a	n/a	n/a	0	22	0.07	0.58
ABprpppppap	n/a	n/a	ABprpppppa	310	n/a	n/a	n/a	n/a	n/a	0	22	0.07	0.69
ABalppaaapa	n/a	n/a	ABalppaaap	311	n/a	n/a	n/a	n/a	n/a	0	22	0.03	0.52
ABalppaaapp	n/a	n/a	ABalppaaap	311	n/a	n/a	n/a	n/a	n/a	0	22	0.08	0.95
ABaraappppa	n/a	n/a	ABaraapppp	311	n/a	n/a	n/a	n/a	n/a	0	22	0.06	0.61
ABaraappppp	n/a	n/a	ABaraapppp	311	n/a	n/a	n/a	n/a	n/a	0	22	0.04	0.55
Cappaaa	n/a	n/a	Cappaa	311	n/a	n/a	n/a	n/a	n/a	0	22	0.08	0.89
Cappaap	n/a	n/a	Cappaa	311	n/a	n/a	n/a	n/a	n/a	0	22	0.1	1.12
MSpaaapaa	n/a	n/a	MSpaaapa	311	n/a	n/a	n/a	n/a	n/a	0	22	0.06	0.75
MSpaaapap	n/a	n/a	MSpaaapa	311	n/a	n/a	n/a	n/a	n/a	0	22	0.08	0.73
ABalaaappll	n/a	n/a	ABalaaappl	312	n/a	n/a	n/a	n/a	n/a	0	22	0.05	0.46
ABalaaapplr	n/a	n/a	ABalaaappl	312	n/a	n/a	n/a	n/a	n/a	0	22	0.05	0.54
ABalaaaparl	n/a	n/a	ABalaaapar	313	n/a	n/a	n/a	n/a	n/a	0	21	0.04	0.53
ABalaaaparr	n/a	n/a	ABalaaapar	313	n/a	n/a	n/a	n/a	n/a	0	21	0.04	0.46
ABalpaaappa	n/a	n/a	ABalpaaapp	313	n/a	n/a	n/a	n/a	n/a	0	22	0.1	0.96
ABalpaaappp	n/a	n/a	ABalpaaapp	313	n/a	n/a	n/a	n/a	n/a	0	22	0.05	0.55
ABalpppaaaa	n/a	n/a	ABalpppaaa	313	n/a	n/a	n/a	n/a	n/a	0	22	0.05	0.67
ABalpppaaap	n/a	n/a	ABalpppaaa	313	n/a	n/a	n/a	n/a	n/a	0	22	0.11	0.96
ABaraapappa	n/a	n/a	ABaraapapp	313	n/a	n/a	n/a	n/a	n/a	0	22	0.04	0.55
ABaraapappp	n/a	n/a	ABaraapapp	313	n/a	n/a	n/a	n/a	n/a	0	22	0.05	0.53
ABplpppppaa	n/a	n/a	ABplpppppa	313	n/a	n/a	n/a	n/a	n/a	0	20	0.1	0.6
ABplpppppap	n/a	n/a	ABplpppppa	313	n/a	n/a	n/a	n/a	n/a	0	20	0.06	0.67
ABalaaaarla	n/a	n/a	ABalaaaarl	314	n/a	n/a	n/a	n/a	n/a	0	22	0.04	0.35
ABalaaaarlp	n/a	n/a	ABalaaaarl	314	n/a	n/a	n/a	n/a	n/a	0	22	0.04	0.43
ABalaaaarra	n/a	n/a	ABalaaaarr	314	n/a	n/a	n/a	n/a	n/a	0	22	0.05	0.42
ABalaaaarrp	n/a	n/a	ABalaaaarr	314	n/a	n/a	n/a	n/a	n/a	0	22	0.03	0.39
ABaraaaaapa	n/a	n/a	ABaraaaaap	314	n/a	n/a	n/a	n/a	n/a	0	22	0.02	0.28
ABaraaaaapp	n/a	n/a	ABaraaaaap	314	n/a	n/a	n/a	n/a	n/a	0	22	0.04	0.6
ABaraaappaa	n/a	n/a	ABaraaappa	314	n/a	n/a	n/a	n/a	n/a	0	22	0.03	0.46
ABaraaappap	n/a	n/a	ABaraaappa	314	n/a	n/a	n/a	n/a	n/a	0	22	0.04	0.53
ABalpaaapaa	n/a	n/a	ABalpaaapa	315	n/a	n/a	n/a	n/a	n/a	0	21	0.09	0.87
ABalpaaapap	n/a	n/a	ABalpaaapa	315	n/a	n/a	n/a	n/a	n/a	0	21	0.11	0.85
ABaraaaaaaa	n/a	n/a	ABaraaaaaa	315	n/a	n/a	n/a	n/a	n/a	0	22	0.03	0.39
ABaraaaaaap	n/a	n/a	ABaraaaaaa	315	n/a	n/a	n/a	n/a	n/a	0	22	0.04	0.42
ABarapaapaa	n/a	n/a	ABarapaapa	315	n/a	n/a	n/a	n/a	n/a	0	22	0.08	0.77
ABarapaapap	n/a	n/a	ABarapaapa	315	n/a	n/a	n/a	n/a	n/a	0	22	0.09	0.86
ABarappaapa	n/a	n/a	ABarappaap	315	n/a	n/a	n/a	n/a	n/a	0	22	0.07	0.86
ABarappaapp	n/a	n/a	ABarappaap	315	n/a	n/a	n/a	n/a	n/a	0	22	0.12	1.14
ABarpapaaaa	n/a	n/a	ABarpapaaa	315	n/a	n/a	n/a	n/a	n/a	0	21	0.13	1.37
ABarpapaaap	n/a	n/a	ABarpapaaa	315	n/a	n/a	n/a	n/a	n/a	0	21	0.19	1.53
ABplppapapa	n/a	n/a	ABplppapap	315	n/a	n/a	n/a	n/a	n/a	0	21	0.11	0.92
ABplppapapp	n/a	n/a	ABplppapap	315	n/a	n/a	n/a	n/a	n/a	0	21	0.07	0.58
ABalaapppaa	n/a	n/a	ABalaapppa	316	n/a	n/a	n/a	n/a	n/a	0	22	0.07	0.59
ABalaapppap	n/a	n/a	ABalaapppa	316	n/a	n/a	n/a	n/a	n/a	0	22	0.05	0.4
ABarapaaapa	n/a	n/a	ABarapaaap	316	n/a	n/a	n/a	n/a	n/a	0	21	0.06	0.56
ABarapaaapp	n/a	n/a	ABarapaaap	316	n/a	n/a	n/a	n/a	n/a	0	21	0.11	1.15
ABpraaaaaaa	n/a	n/a	ABpraaaaaa	316	n/a	n/a	n/a	n/a	n/a	0	21	0.08	0.98
ABpraaaaaap	n/a	n/a	ABpraaaaaa	316	n/a	n/a	n/a	n/a	n/a	0	21	0.18	1.5
ABplaaaaaaa	n/a	n/a	ABplaaaaaa	317	n/a	n/a	n/a	n/a	n/a	0	21	0.14	1.33
ABplaaaaaap	n/a	n/a	ABplaaaaaa	317	n/a	n/a	n/a	n/a	n/a	0	21	0.09	1.09
ABplpaaapaa	n/a	n/a	ABplpaaapa	317	n/a	n/a	n/a	n/a	n/a	0	21	0.15	1.03
ABplpaaapap	n/a	n/a	ABplpaaapa	317	n/a	n/a	n/a	n/a	n/a	0	21	0.06	0.65
ABplppaapaa	n/a	n/a	ABplppaapa	317	n/a	n/a	n/a	n/a	n/a	0	21	0.06	0.43
ABplppaapap	n/a	n/a	ABplppaapa	317	n/a	n/a	n/a	n/a	n/a	0	21	0.1	0.97
ABprpaaapaa	n/a	n/a	ABprpaaapa	317	n/a	n/a	n/a	n/a	n/a	0	22	0.18	1.4
ABprpaaapap	n/a	n/a	ABprpaaapa	317	n/a	n/a	n/a	n/a	n/a	0	22	0.14	1.25
ABprppaapaa	n/a	n/a	ABprppaapa	317	n/a	n/a	n/a	n/a	n/a	0	22	0.12	0.86
ABprppaapap	n/a	n/a	ABprppaapa	317	n/a	n/a	n/a	n/a	n/a	0	22	0.1	0.95
Cpppapa	n/a	n/a	Cpppap	317	n/a	n/a	n/a	n/a	n/a	0	22	0.07	0.73
Cpppapp	n/a	n/a	Cpppap	317	n/a	n/a	n/a	n/a	n/a	0	22	0.07	0.6
Cppppaa	n/a	n/a	Cppppa	317	n/a	n/a	n/a	n/a	n/a	0	22	0.09	1
Cppppap	n/a	n/a	Cppppa	317	n/a	n/a	n/a	n/a	n/a	0	22	0.08	0.9
ABalpaaaapa	n/a	n/a	ABalpaaaap	318	n/a	n/a	n/a	n/a	n/a	0	22	0.05	0.46
ABalpaaaapp	n/a	n/a	ABalpaaaap	318	n/a	n/a	n/a	n/a	n/a	0	22	0.07	0.75
ABalpppaapd	n/a	n/a	ABalpppaap	318	n/a	n/a	n/a	n/a	n/a	0	22	0.06	0.6
ABalpppaapv	n/a	n/a	ABalpppaap	318	n/a	n/a	n/a	n/a	n/a	0	22	0.07	0.41
ABprppapapa	n/a	n/a	ABprppapap	319	n/a	n/a	n/a	n/a	n/a	0	22	0.17	1.18
ABprppapapp	n/a	n/a	ABprppapap	319	n/a	n/a	n/a	n/a	n/a	0	22	0.09	0.57
MSpaapaaa	n/a	n/a	MSpaapaa	319	n/a	n/a	n/a	n/a	n/a	0	22	0.07	0.48
MSpaapaap	n/a	n/a	MSpaapaa	319	n/a	n/a	n/a	n/a	n/a	0	22	0.1	0.7
ABplppapppa	n/a	n/a	ABplppappp	320	n/a	n/a	n/a	n/a	n/a	0	20	0.18	1.16
ABplppapppp	n/a	n/a	ABplppappp	320	n/a	n/a	n/a	n/a	n/a	0	20	0.1	0.78
Cappapa	n/a	n/a	Cappap	320	n/a	n/a	n/a	n/a	n/a	0	21	0.11	0.79
Cappapp	n/a	n/a	Cappap	320	n/a	n/a	n/a	n/a	n/a	0	21	0.08	0.77
MSpaaaaaa	n/a	n/a	MSpaaaaa	320	n/a	n/a	n/a	n/a	n/a	0	21	0.06	0.44
MSpaaaaap	n/a	n/a	MSpaaaaa	320	n/a	n/a	n/a	n/a	n/a	0	21	0.03	0.29
ABalapaapaa	n/a	n/a	ABalapaapa	321	n/a	n/a	n/a	n/a	n/a	0	21	0.08	0.65
ABalapaapap	n/a	n/a	ABalapaapa	321	n/a	n/a	n/a	n/a	n/a	0	21	0.04	0.29
ABprppapppa	n/a	n/a	ABprppappp	323	n/a	n/a	n/a	n/a	n/a	0	22	0.19	0.94
ABprppapppp	n/a	n/a	ABprppappp	323	n/a	n/a	n/a	n/a	n/a	0	22	0.1	0.61
Capppaa	n/a	n/a	Capppa	323	n/a	n/a	n/a	n/a	n/a	0	20	0.13	0.98
Capppap	n/a	n/a	Capppa	323	n/a	n/a	n/a	n/a	n/a	0	20	0.08	0.66
ABalpapppaa	n/a	n/a	ABalpapppa	324	n/a	n/a	n/a	n/a	n/a	0	20	0.04	0.24
ABalpapppap	n/a	n/a	ABalpapppa	324	n/a	n/a	n/a	n/a	n/a	0	20	0.06	0.34
ABarpaaaapa	n/a	n/a	ABarpaaaap	324	n/a	n/a	n/a	n/a	n/a	0	19	0.16	1.03
ABarpaaaapp	n/a	n/a	ABarpaaaap	324	n/a	n/a	n/a	n/a	n/a	0	19	0.14	1.15
Cppaaaa	n/a	n/a	Cppaaa	324	n/a	n/a	n/a	n/a	n/a	0	21	0.06	0.42
Cppaaap	n/a	n/a	Cppaaa	324	n/a	n/a	n/a	n/a	n/a	0	21	0.03	0.55
ABalaaaalpa	n/a	n/a	ABalaaaalp	325	n/a	n/a	n/a	n/a	n/a	0	22	0.05	0.39
ABalaaaalpp	n/a	n/a	ABalaaaalp	325	n/a	n/a	n/a	n/a	n/a	0	22	0.06	0.41
ABalaapaapa	n/a	n/a	ABalaapaap	325	n/a	n/a	n/a	n/a	n/a	0	20	0.04	0.41
ABalaapaapp	n/a	n/a	ABalaapaap	325	n/a	n/a	n/a	n/a	n/a	0	20	0.12	0.66
ABarpaaapaa	n/a	n/a	ABarpaaapa	325	n/a	n/a	n/a	n/a	n/a	0	19	0.15	0.81
ABarpaaapap	n/a	n/a	ABarpaaapa	325	n/a	n/a	n/a	n/a	n/a	0	19	0.16	0.9
ABplapppaaa	n/a	n/a	ABplapppaa	326	n/a	n/a	n/a	n/a	n/a	0	20	0.08	0.41
ABplapppaap	n/a	n/a	ABplapppaa	326	n/a	n/a	n/a	n/a	n/a	0	20	0.08	0.55
ABarpaaaaal	n/a	n/a	ABarpaaaaa	327	n/a	n/a	n/a	n/a	n/a	0	18	0.23	0.97
ABarpaaaaar	n/a	n/a	ABarpaaaaa	327	n/a	n/a	n/a	n/a	n/a	0	18	0.23	0.9
ABpraaaaapd	n/a	n/a	ABpraaaaap	327	n/a	n/a	n/a	n/a	n/a	0	20	0.12	0.7
ABpraaaaapv	n/a	n/a	ABpraaaaap	327	n/a	n/a	n/a	n/a	n/a	0	20	0.07	0.36
Capaaaa	n/a	n/a	Capaaa	327	n/a	n/a	n/a	n/a	n/a	0	19	0.08	0.48
Capaaap	n/a	n/a	Capaaa	327	n/a	n/a	n/a	n/a	n/a	0	19	0.08	0.71
ABarapappaa	n/a	n/a	ABarapappa	328	n/a	n/a	n/a	n/a	n/a	0	19	0.08	0.36
ABarapappap	n/a	n/a	ABarapappa	328	n/a	n/a	n/a	n/a	n/a	0	19	0.09	0.64
Cpppppd	n/a	n/a	Cppppp	329	n/a	n/a	n/a	n/a	n/a	0	19	0.11	0.76
Cpppppv	n/a	n/a	Cppppp	329	n/a	n/a	n/a	n/a	n/a	0	19	0.04	0.39
ABalaaaalal	n/a	n/a	ABalaaaala	330	n/a	n/a	n/a	n/a	n/a	0	17	0.13	0.29
ABalaaaalar	n/a	n/a	ABalaaaala	330	n/a	n/a	n/a	n/a	n/a	0	17	0.04	0.2
ABaraaaapaa	n/a	n/a	ABaraaaapa	330	n/a	n/a	n/a	n/a	n/a	0	18	0.08	0.45
ABaraaaapap	n/a	n/a	ABaraaaapa	330	n/a	n/a	n/a	n/a	n/a	0	18	0.04	0.24
Cppapaa	n/a	n/a	Cppapa	331	n/a	n/a	n/a	n/a	n/a	0	19	0.03	0.32
Cppapap	n/a	n/a	Cppapa	331	n/a	n/a	n/a	n/a	n/a	0	19	0.1	0.38
ABalappapaa	n/a	n/a	ABalappapa	332	n/a	n/a	n/a	n/a	n/a	0	16	0.17	0.26
ABalappapap	n/a	n/a	ABalappapa	332	n/a	n/a	n/a	n/a	n/a	0	16	0.06	0.18
ABprapppaaa	n/a	n/a	ABprapppaa	333	n/a	n/a	n/a	n/a	n/a	0	19	0.1	0.28
ABprapppaap	n/a	n/a	ABprapppaa	333	n/a	n/a	n/a	n/a	n/a	0	19	0.1	0.38
Capapaa	n/a	n/a	Capapa	333	n/a	n/a	n/a	n/a	n/a	0	17	0.11	0.4
Capapap	n/a	n/a	Capapa	333	n/a	n/a	n/a	n/a	n/a	0	17	0.1	0.34
ABalaapaaal	n/a	n/a	ABalaapaaa	334	n/a	n/a	n/a	n/a	n/a	0	14		
ABalaapaaar	n/a	n/a	ABalaapaaa	334	n/a	n/a	n/a	n/a	n/a	0	14		
Capaapa	n/a	n/a	Capaap	336	n/a	n/a	n/a	n/a	n/a	0	16	0.16	0.4
Capaapp	n/a	n/a	Capaap	336	n/a	n/a	n/a	n/a	n/a	0	16	0.14	0.37
Cappppd	n/a	n/a	Capppp	337	n/a	n/a	n/a	n/a	n/a	0	16	0.23	0.53
Cappppv	n/a	n/a	Capppp	337	n/a	n/a	n/a	n/a	n/a	0	16	0.06	0.23
Cppaapa	n/a	n/a	Cppaap	337	n/a	n/a	n/a	n/a	n/a	0	15	0.16	0.36
Cppaapp	n/a	n/a	Cppaap	337	n/a	n/a	n/a	n/a	n/a	0	15	0.12	0.27
ABalpppppppa	n/a	n/a	ABalppppppp	338	n/a	n/a	n/a	n/a	n/a	0	11		
ABalpppppppp	n/a	n/a	ABalppppppp	338	n/a	n/a	n/a	n/a	n/a	0	11		
ABalappaapa	n/a	n/a	ABalappaap	339	n/a	n/a	n/a	n/a	n/a	0	13		
ABalappaapp	n/a	n/a	ABalappaap	339	n/a	n/a	n/a	n/a	n/a	0	13		
Cppappa	n/a	n/a	Cppapp	340	n/a	n/a	n/a	n/a	n/a	0	14		
Cppappp	n/a	n/a	Cppapp	340	n/a	n/a	n/a	n/a	n/a	0	14		
MSpapapaa	n/a	n/a	MSpapapa	343	n/a	n/a	n/a	n/a	n/a	0	12		
Capappa	n/a	n/a	Capapp	343	n/a	n/a	n/a	n/a	n/a	0	13		
MSpapapap	n/a	n/a	MSpapapa	343	n/a	n/a	n/a	n/a	n/a	0	12		
Capappp	n/a	n/a	Capapp	343	n/a	n/a	n/a	n/a	n/a	0	13		
MSaaaaapaa	n/a	n/a	MSaaaaapa	346	n/a	n/a	n/a	n/a	n/a	0	8		
MSaaaaapap	n/a	n/a	MSaaaaapa	346	n/a	n/a	n/a	n/a	n/a	0	8		
MSpapppaa	n/a	n/a	MSpapppa	348	n/a	n/a	n/a	n/a	n/a	0	9		
ABalppppppaa	n/a	n/a	ABalppppppa	348	n/a	n/a	n/a	n/a	n/a	0	9		
ABalapaaaaa	n/a	n/a	ABalapaaaa	348	n/a	n/a	n/a	n/a	n/a	0	7		
MSpapppap	n/a	n/a	MSpapppa	348	n/a	n/a	n/a	n/a	n/a	0	9		
ABalppppppap	n/a	n/a	ABalppppppa	348	n/a	n/a	n/a	n/a	n/a	0	9		
ABalapaaaap	n/a	n/a	ABalapaaaa	348	n/a	n/a	n/a	n/a	n/a	0	7		
ABpraaappppa	n/a	n/a	ABpraaapppp	349	n/a	n/a	n/a	n/a	n/a	0	9		
ABpraaappppp	n/a	n/a	ABpraaapppp	349	n/a	n/a	n/a	n/a	n/a	0	9		
MSaapppaa	n/a	n/a	MSaapppa	351	n/a	n/a	n/a	n/a	n/a	0	8		
MSaapapaa	n/a	n/a	MSaapapa	351	n/a	n/a	n/a	n/a	n/a	0	8		
MSaapppap	n/a	n/a	MSaapppa	351	n/a	n/a	n/a	n/a	n/a	0	8		
MSaapapap	n/a	n/a	MSaapapa	351	n/a	n/a	n/a	n/a	n/a	0	8		
Dappaa	n/a	n/a	Dappa	352	n/a	n/a	n/a	n/a	n/a	0	7		
Dappap	n/a	n/a	Dappa	352	n/a	n/a	n/a	n/a	n/a	0	7		
Dpppaa	n/a	n/a	Dpppa	353	n/a	n/a	n/a	n/a	n/a	0	8		
Dpppap	n/a	n/a	Dpppa	353	n/a	n/a	n/a	n/a	n/a	0	8		
ABpraaapppaa	n/a	n/a	ABpraaapppa	359	n/a	n/a	n/a	n/a	n/a	0	8		
ABpraaapppap	n/a	n/a	ABpraaapppa	359	n/a	n/a	n/a	n/a	n/a	0	8		
Dapppa	n/a	n/a	Dappp	363	n/a	n/a	n/a	n/a	n/a	0	7		
Dapppp	n/a	n/a	Dappp	363	n/a	n/a	n/a	n/a	n/a	0	7		