paste.Cells..round.CC_Dif_pValues..4..	X20110316_mir.1_L3	X20110316_mir.1_L2	X20110203_RW10890_pal.1_L4	X20110125_RW10890_pal.1_L3	X20110125_RW10890_pal.1_L4	X20101213_RW10889_pal.1_L2	X20101213_RW10889_pal.1_L3	X20110209_UP2051_mls.2_L1	X20110209_UP2051_mls.2_L2	X20110209_UP2051_mls.2_L3	X20110225_NX68_L3	X20110408_RW10425_pha.4_L2	X20110927_RW11144_L4	X20110929_ceh.43_L1	X20110726_RW10713_L1	X20110731_RW10434_L1	X20111116_RW10226_L4	X20110916_ceh.36_L1	X20120426_JIM122_L2	X20120612_JIM127_L4	X20120331_RW10871_L4	X20120807_mir.57_L4	X20230224_RW10265_tbx.8_die.1_L4	X20230224_RW10265_tbx.8_die.1_L3	X20230224_RW10265_tbx.8_die.1_L1	X20230223_JIM188_tbx.9_die.1_L4	X20230222_JIM188_tbx.9_die.1_L1
AB NA															12												
ABa NA						11							12	11	12		12		14								
ABal 0.0638	15	6	15		7	14	14	15	10	5	6	7	16	15	15	14	14	14	14	15	15	10	4	7	10	13	10
ABala 0	20	19	17	11	19	18	19	17	18	17	20	19	18	16	16	18	19	18	17	18	18	16	14	15	14	14	13
ABalaa 0.034	27	27	25	23	28	24	24	27	24	27	28	24	26	24	26	24	26	28	26	24	27	26	23	24	20	21	26
ABalaaa 0	34	33	30	32	32	31	34	31	31	30	37	32	31	31	32	32	34	33	33	32	33	29	29	29	27	29	29
ABalaaaa 0.0019	44	46	42	42	42	42	43	43	43	41	49	42	40	42	41	42	44	44	40	42	43	43	40	41	41	40	38
ABalaaaal 0	45	47	50	49	52	46	51	50	51	49	51	52	49	47	47	47	49	50	48	50	49	49	45	45	44	45	42
ABalaaaala 0.0516	109	100		90	103	100		84	95	83		102			91	104	104	93	108	107	88	93	110	96	123	123	105
ABalaaaalal NA																											
ABalaaaalar NA																											
ABalaaaalp 0.0412	99	90	89	94	97	91	89	89	89	90	83	92	98	108	89	87	90	90	89	93	88	86	103	94	122	106	100
ABalaaaalpa NA																											
ABalaaaalpp NA																											
ABalaaaar 0.0244	46	49	53	52	49	49	51	53	51	54	51	53	51	48	49	49	48	51	50	49	53	51	46	50	48	45	44
ABalaaaarl 0.1017	83	81	80	81	77	75	77	78	84	82	75	85	83	78	76	78	74	86	72	81	75	73	85	80	83	106	112
ABalaaaarla NA																											
ABalaaaarlp NA																											
ABalaaaarr 0.1874	80	79	89	85	86	71	77	83	79	80	78	78	81	77	79	80	74	80	81	78	75	74	76	80	88	85	96
ABalaaaarra NA																											
ABalaaaarrp NA																											
ABalaaap 0.0037	41	38	38	34	37	35	36	36	36	36	41	37	37	35	35	37	37	39	37	37	38	37	34	36	33	32	34
ABalaaapa 0.9526	46	47	53	47	47	49	48	48	47	47	49	50	47	47	47	51	46	48	48	49	52	48	48	48	46	50	49
ABalaaapal 0.0029	73	68	75	72	71	74	72	73	75	70	72	74	70	76	69	73	70	71	72	75	68	68	80	74	77	78	77
ABalaaapall NA																											
ABalaaapalr NA																											
ABalaaapar 0.2017	83	89		85	93	84	89	81	89	78	88	87	91	87	86	82	90	93	88	88	75	82	101	83	99	85	91
ABalaaaparl NA																											
ABalaaaparr NA																											
ABalaaapp 0.4773	46	47	50	49	47	48	49	48	47	47	47	51	51	48	51	49	48	51	45	49	50	49	46	45	54	44	47
ABalaaappl 0.0706	83	87	94	79	86	83	84	83	89	82	84	89	91	88	86	82	88	86	77	87	80	81	108	84	103	86	110
ABalaaappll NA																											
ABalaaapplr NA																											
ABalaaappr 0.0044	73	73	91	70	71	83	72	73	71	69	69	79	72	72	71	71	73	68	71	70	70	68	79	77	81	88	80
ABalaaapprl NA																											
ABalaaapprr NA																											
ABalaap 0.0011	36	32	30	32	34	33	34	31	31	32	37	30	31	31	32	35	32	33	32	32	33	31	27	31	27	27	27
ABalaapa 6e-04	40	43	45	40	40	44	41	40	41	41	43	42	42	44	43	42	44	50	42	42	44	40	37	36	36	37	40
ABalaapaa 0.0032	54	56	55	54	54	54	54	51	55	54	50	55	51	53	54	52	51	57	52	55	53	52	51	52	49	48	49
ABalaapaaa 0.2734	98	107		96				93	97		94	100			99	92	105		101	94	91	95	115	85		119	111
ABalaapaaal NA																											
ABalaapaaar NA																											
ABalaapaap 0.017	90	90		83	92	88	87	86	82	88	81	85	89		91	87	93	91	88	84	86	81	105	87	108	106	102
ABalaapaapa NA																											
ABalaapaapp NA																											
ABalaapap 0.0014	51	52	55	51	52	51	52	51	52	54	50	55	51	50	54	50	51	57	52	52	53	51	51	50	48	49	49
ABalaapapa NA																											
ABalaapapp 9e-04	73	70	78	69	75	69	77	78	72	72	69	74	70	78	76	72	70	84	72	70	72	70	93	81	86	86	90
ABalaapappa NA																											
ABalaapappp NA																											
ABalaapp 1e-04	35	37	38	34	36	34	36	36	36	38	38	39	37	36	36	37	36	37	36	39	36	35	34	32	32	33	34
ABalaappa 0.072	53	55	53	51	54	55	57	51	54	52	53	55	52	53	57	51	54	52	50	53	52	52	166	62	93	138	60
ABalaappaa NA																											
ABalaappap 0.5027	70	78	74	74	82	77	77	78	79	75	71	74	84	85	76	76	76	76	76	78	68	74		76			93
ABalaappapa NA																											
ABalaappapp NA																											
ABalaappp 0.014	46	44	47	44	43	46	52	46	46	47	46	46	44	44	46	47	45	46	45	49	47	46	51	52	48	47	49
ABalaapppa 0.0061	91	88	94	88	95	95	90	93	92	90	86	88	89	115	89	90	92	85	94	91	94	86	108	100	108	121	121
ABalaapppaa NA																											
ABalaapppap NA																											
ABalaapppp 0.076	64	67	61	63	66	64	66	68	65	64	63	65	64	68	63	65	70	66	67	67	66	60	70	70	65	84	75
ABalaappppa NA																			118		113	120					
ABalaappppaa NA																											
ABalaappppap NA																											
ABalaappppp NA																											
ABalap 0.0091	27	26	25	25	28	24	24	27	26	27	26	24	25	24	27	24	26	27	26	22	27	26	23	24	20	21	24
ABalapa 0.0045	31	30	28	29	32	30	30	31	30	29	34	30	31	29	28	32	31	32	30	31	31	31	26	27	25	27	29
ABalapaa 0	38	40	38	40	37	38	39	38	38	38	43	41	37	38	36	42	38	41	36	39	38	37	35	36	36	36	35
ABalapaaa 0.0178	51	49	55	51	49	54	52	53	52	52	50	55	52	53	49	52	54	53	55	55	53	54	48	52	46	49	50
ABalapaaaa 0.4918		121													124		124		113	122	114	111	144	109		113	134
ABalapaaaaa NA																											
ABalapaaaap NA																											
ABalapaaap 0.0161	70	76	70	74	75	74	74	70	67	64	68	70	69	73	71	70	70	68	74	71	71	68	88	76	88	77	79
ABalapaaapa NA																											
ABalapaaapp NA																											
ABalapaap 0.6875	46	47	50	47	47	51	51	50	46	47	46	48	49	47	46	51	48	48	48	55	50	49	46	48	48	47	50
ABalapaapa 0.0332	85	95	89	92	97	92		91	95	93	90	90	105	119	94	90	88	94	93	114	91	87	101	107	99	121	104
ABalapaapaa NA																											
ABalapaapap NA																											
ABalapaapp 0.0034	60	65	67	62	66	66	70	64	60	64	62	68	67	73	66	63	66	61	64	65	65	63	74	72	74	82	72
ABalapaappa NA																			118		115	120					
ABalapaappaa NA																											
ABalapaappap NA																											
ABalapaappp NA																											
ABalapap 0.0276	34	35	36	34	35	34	34	35	35	35	38	36	35	35	33	34	34	37	32	37	36	33	32	34	34	32	34
ABalapapa 0.0038	51	53	56	51	49	54	57	51	49	47	53	55	52	52	51	56	52	55	53	56	52	52	49	50	45	49	49
ABalapapaa NA																											
ABalapapap 6e-04	62	62	61	62	64	66	64	64	63	60	57	63	65	68	61	68	63	63	66	68	63	62	74	74	77	72	70
ABalapapapa NA																			120		97	114					
ABalapapapaa NA																											
ABalapapapap NA																											
ABalapapapp NA																											
ABalapapp 0.9254	45	44	47	46	45	44	48	46	44	47	44	47	46	46	44	44	45	46	43	47	47	46	43	46	48	44	45
ABalapappa 0.021	57	59	55	56	60	64	61	60	57	62	62	57	60	56	56	56	60	57	57	61	58	60	59	64	64	62	61
ABalapappaa NA																			118		122	122					
ABalapappaaa NA																											
ABalapappaap NA																											
ABalapappap NA																											
ABalapappp 0.0144	75	73	74	70	75	77	74	76	75	75	77	77	77	72	73	73	76	72	70	80	75	66	84	77	96	87	90
ABalapapppa NA																											
ABalapapppp NA																											
ABalapp 6e-04	31	33	28	29	30	30	29	31	30	29	34	30	31	29	30	32	31	32	32	31	31	29	26	27	27	27	29
ABalappa 0.0035	46	44	42	42	38	42	41	41	41	43	46	42	42	39	41	42	41	42	40	40	41	43	35	38	38	37	40
ABalappaa 0.0933	55	57	64	61	63	60	61	58	60	60	58	63	56	58	56	57	59	57	56	62	60	59	56	50	54	57	60
ABalappaaa NA																											
ABalappaap 0.1301	101	104		101	94				84						91	101	106	102	105	94	98	97	136	109		112	
ABalappaapa NA																											
ABalappaapp NA																											
ABalappap 0.0147	45	46	52	47	49	46	49	46	46	47	47	50	47	44	47	47	46	46	46	50	47	51	45	45	45	46	47
ABalappapa 0.0813	104	114		108	114	101		84	86	78					109	88	111	118	103	117	111	98	139	103		126	118
ABalappapaa NA																											
ABalappapap NA																											
ABalappapp 0.0159	67	64	72	69	62	64	64	66	68	70	66	65	65	64	63	64	64	66	64	67	65	65	74	66	72	70	73
ABalappappa NA																											
ABalappappp NA																											
ABalappp 0.0134	37	35	36	34	35	34	34	36	36	36	38	36	34	35	33	34	34	37	34	36	35	35	32	34	32	30	34
ABalapppa 0.0929	44	44	48	44	45	44	49	43	43	44	46	47	47	46	44	46	45	46	45	49	45	48	44	46	41	43	42
ABalapppaa 1e-04	76	76	83	72	71	77	70	74	72	75	71	74	77	76	78	70	74	81	76	72	78	70	86	81	85	86	88
ABalapppaaa NA																											
ABalapppaap NA																											
ABalapppap 0.0398	62	64	67	61	66	61	66	60	60	62	63	65	67	65	64	63	66	62	66	66	63	63	72	64	71	74	66
ABalapppapa NA																			118		110	117					
ABalapppapaa NA																											
ABalapppapap NA																											
ABalapppapp NA																											
ABalapppp 0.1509	46	44	44	46	45	44	46	45	43	44	46	48	46	44	44	44	45	46	43	52	47	48	43	46	41	41	45
ABalappppa 0.1591	55	57	58	61	58	60	59	58	62	60	57	58	58	56	58	54	57	58	54	61	60	59	59	61	60	57	62
ABalappppaa NA																			125		107	128					
ABalappppaaa NA																											
ABalappppaap NA																											
ABalappppap NA																											
ABalappppp 0	65	73	70	74	73	75	70	66	70	67	71	74	72	72	71	70	76	68	71	68	70	68	82	81	86	84	80
ABalapppppa NA																											
ABalapppppp NA																											
ABalp 1e-04	20	19	17	11	19	18	17	17	18	17	20	19	18	16	16	16	19	18	17	16	18	16	14	15	14	13	13
ABalpa 0.0091	25	26	25	23	28	24	26	27	24	27	26	24	26	23	26	26	26	28	26	25	25	26	21	24	20	23	24
ABalpaa 0.0018	31	30	27	27	32	30	30	29	30	29	31	30	29	30	30	30	31	29	28	29	31	29	26	27	23	24	26
ABalpaaa 0.0017	44	43	42	40	38	38	43	40	43	43	46	41	44	39	40	44	43	43	44	42	44	43	37	39	37	40	37
ABalpaaaa 0.0563	51	50	56	54	52	54	56	51	55	54	52	50	51	53	54	54	54	56	50	58	55	51	52	48	51	49	42
ABalpaaaaa 0.5981	72	72	80	76	73	66	79	75	73	70	72	68	84	78	71	68	74	74	72	74	75	68	80	79	79	74	64
ABalpaaaaaa NA																											
ABalpaaaaap NA																											
ABalpaaaap 0.082	83	79	85	85	84	81	82	84	84	80	84	77	93	90	78	78	95	86	79	88	86	76	83	74	79	72	83
ABalpaaaapa NA																											
ABalpaaaapp NA																											
ABalpaaap 0.0085	50	49	53	52	50	51	51	51	51	54	52	50	51	51	49	54	49	52	52	53	53	51	46	50	49	48	49
ABalpaaapa 0.2112	83	82		88	82	77	85	80	81	83	78	80	84	90	78	82	86	86	83	86	88	79	86	76	93	98	91
ABalpaaapaa NA																											
ABalpaaapap NA																											
ABalpaaapp 0.9437	78	82	89	85	86	72	77	76	81	90	86	80	79	88	76	82	82	82	76	78	76	78	79	70	81	93	80
ABalpaaappa NA																											
ABalpaaappp NA																											
ABalpaap 0.0037	36	35	35	33	33	34	36	33	33	35	37	32	35	32	32	34	34	36	37	34	35	35	30	32	27	30	30
ABalpaapa 2e-04	40	38	42	39	38	38	43	40	40	42	41	40	39	40	38	41	42	42	41	43	42	40	37	36	36	36	39
ABalpaapaa 0.664	66	72	75	70	69	69	72	73	68	77	71	68	69	66	71	69	68	76	69	81	70	71	86	69	70	66	72
ABalpaapaaa NA																											
ABalpaapaap NA																											
ABalpaapap 0.0158	50	49	47	49	52	52	54	48	52	49	50	48	46	49	46	49	51	51	47	52	49	49	49	47	46	44	46
ABalpaapapa NA																											
ABalpaapapp NA																											
ABalpaapp 0	49	50	52	47	45	49	56	53	49	52	53	50	51	53	46	52	46	53	53	52	53	49	46	45	46	47	45
ABalpaappa 0.14	93	81	94	83	88	83	85	86	84	90	86	85	93	99	86	75	83	77	76	78	89	82	100	86	84	92	90
ABalpaappaa NA																											
ABalpaappap NA																											
ABalpaappp 0.3255	73	72	83	68	71	71	74	71	75	75	80	74	76	75	71	68	76	72	72	71	75	71	76	70	80	84	73
ABalpaapppa NA																											
ABalpaapppp NA																											
ABalpap 0.003	30	30	28	29	30	28	30	29	30	29	31	30	28	28	30	30	28	28	28	28	31	31	26	27	23	24	26
ABalpapa 0.0022	38	38	36	34	37	37	36	36	35	36	40	36	37	36	38	38	40	39	39	36	38	37	34	34	33	30	34
ABalpapaa 0.2093	46	47	50	49	47	49	51	48	49	51	49	52	47	49	49	51	48	48	50	52	50	49	44	48	45	46	52
ABalpapaaa 0.4426	63	65	70	65	64	68	66	63	70	69	63	67	67	64	68	66	70	61	67	66	66	66	64	66	66	68	73
ABalpapaaaa NA																											
ABalpapaaap NA																											
ABalpapaap 0.628	80	87	91	88	84	88	90	93	82	78	91	88	88	86	81	90	93	77	79	81	81	84	87	84	91	90	80
ABalpapaapa NA																											
ABalpapaapp NA																											
ABalpapap 0.1724	48	49	48	47	47	49	51	46	49	49	47	48	46	49	47	49	46	47	51	50	48	48	49	48	46	46	44
ABalpapapa 0.0623	72	65	69	63	64	68	67	66	68	65	65	70	65	68	64	68	68	66	64	68	66	66	69	66	71	68	71
ABalpapapaa NA																											
ABalpapapap NA																			108		102	116					
ABalpapapapa NA																											
ABalpapapapp NA																											
ABalpapapp 0.049	73	74	78	88	75	74	75	81	81	75	77	78	79	82	76	76	82	77	77	82	81	78	79	79	86	87	83
ABalpapappa NA																											
ABalpapappp NA																											
ABalpapp 0.0073	35	35	32	31	33	34	33	33	33	33	34	34	32	32	33	34	34	36	34	33	33	33	30	32	29	29	30
ABalpappa 0.0427	41	44	44	44	41	44	46	43	43	47	44	43	44	44	41	44	42	44	43	44	45	41	38	41	43	42	40
ABalpappaa 0.3135	71	77	86	90	73	71	74	80	81	75	78	85	74	77	73	75	74	73	72	78	74	78	78	77	77	69	72
ABalpappaaa NA																											
ABalpappaap NA																			103		100	105		108			
ABalpappaapa NA																											
ABalpappaapp NA																											
ABalpappap 0.571	58	59	61	58	58	57	61	61	59	60	56	60	53	54	56	58	58	57	55	58	54	57	57	57	56	60	57
ABalpappapa NA																											
ABalpappapp NA																											
ABalpappp 0.0066	41	44	44	40	41	46	44	41	43	46	44	43	42	44	41	44	40	44	46	43	43	43	40	41	42	38	40
ABalpapppa 0.3837	107	115		120	115	106	107	101	116		115	110	108	118	101	99	108	101	116	106	109	104	115	106	114	114	107
ABalpapppaa NA																											
ABalpapppap NA																											
ABalpapppp 0.0451	52	49	53	49	52	51	54	51	51	47	48	52	50	48	50	47	51	52	56	49	52	49	49	51	46	47	46
ABalpappppa NA																											
ABalpappppp NA																											
ABalpp 0.003	27	27	25	25	30	24	27	27	26	27	28	24	26	24	27	26	26	27	26	25	27	28	23	24	20	23	24
ABalppa 0.0548	31	30	28	29	30	31	29	31	30	30	32	32	29	29	28	32	31	31	32	31	31	30	27	29	25	26	30
ABalppaa 0.0119	46	43	41	40	44	43	43	41	41	44	43	44	44	40	43	39	44	42	40	40	44	41	37	41	40	36	38
ABalppaaa 6e-04	50	52	50	51	50	55	56	51	54	55	56	55	53	56	51	53	52	53	53	53	53	52	46	47	48	47	50
ABalppaaaa NA																											
ABalppaaap 1e-04	80	81	74	71	75	77	76	76	73	74	71	77	81	89	69	80	73	77	77	80	70	70	93	89	101	94	95
ABalppaaapa NA																											
ABalppaaapp NA																											
ABalppaap 0.1344	48	50	50	51	50	51	49	50	54	52	50	51	49	51	49	51	51	56	50	50	50	52	45	50	50	49	50
ABalppaapa NA																											
ABalppaapp 0.3635	73	76	70	69	79	80	82	78	76	80	69	72	74	81	73	73	74	81	74	72	75	73	89	67	89	78	75
ABalppaappa NA																											
ABalppaappp NA																											
ABalppap 0.0025	37	37	36	34	35	34	34	35	35	36	38	34	35	35	36	36	36	36	36	34	36	35	34	34	33	32	32
ABalppapa 0.0015	44	47	45	44	47	46	46	48	49	47	46	48	46	46	47	44	46	50	46	49	47	46	43	45	44	41	42
ABalppapaa 0.813	86	85	88	81	78	83	85	80	84	82	80	82	86	79	78	80	86	93	81	82	84	76	87	79	82	84	80
ABalppapaaa NA																											
ABalppapaap NA																											
ABalppapap 0.0357	75	75	78	79	78	74	74	78	78	80	80	78	72	77	79	78	79	75	79	77	73	74	92	79	85	81	83
ABalppapapa NA																											
ABalppapapp NA																											
ABalppapp 0.0034	41	43	44	42	45	41	44	43	46	46	46	45	42	44	44	42	43	46	43	46	45	44	42	43	41	40	40
ABalppappa 0.0099	82	85	75	74	71	78	76	76	81	77	71	82	74	77	69	76	77	81	74	82	81	71	82	81	80	85	88
ABalppappaa NA																											
ABalppappap NA																											
ABalppappp 0.1775	67	68	67	61	66	66	66	70	89	65	68	67	64	69	69	66	63	65	66	66	65	63	71	68	68	71	68
ABalppapppa NA																			117		128	128					
ABalppapppaa NA																											
ABalppapppap NA																											
ABalppapppp NA																											
ABalppp 0.0064	30	29	28	27	30	30	29	29	28	29	31	28	29	28	28	30	29	31	28	29	30	28	26	27	25	24	27
ABalpppa 0.0141	40	38	38	36	37	37	39	36	38	40	40	37	37	38	38	38	37	38	37	36	36	38	34	38	33	33	34
ABalpppaa 0.0105	51	50	55	54	49	54	56	53	49	51	55	52	51	53	54	52	50	52	50	50	53	52	46	50	51	46	47
ABalpppaaa 0.036	83	87	80	90	82	82	85	84	83	87	80	85	86	108	84	83	83	84	86	86	85	76	114	96	91	114	90
ABalpppaaaa NA																											
ABalpppaaap NA																											
ABalpppaap 0.0094	93	93	92	97	90	84	85	88	92	90	88	92	86	97	88	92	83	91	91	86	85	86	94	96	101	102	108
ABalpppaapd NA																											
ABalpppaapv NA																											
ABalpppap 0.0898	46	44	45	44	43	44	46	41	44	46	46	45	46	47	46	44	42	44	45	49	44	48	44	43	45	40	42
ABalpppapa 0.0878	81	78	74	76	69	80	79	76	78	80	72	78	69	81	79	73	77	78	81	82	73	76	84	77	80	79	78
ABalpppapad NA																											
ABalpppapav NA																											
ABalpppapp 0.161	63	65	67	63	66	66	62	64	63	65	66	65	65	67	69	64		65	67	65	65	63	69	62	71	79	68
ABalpppappa NA																											
ABalpppappp 0.8169																			86	88	77	89		79			97
ABalpppapppa NA																											
ABalpppapppp NA																											
ABalpppp 0.0501	36	34	35	33	33	32	33	33	33	33	34	33	34	32	32	34	33	36	34	33	33	37	32	34	30	32	30
ABalppppa 0	48	47	47	46	45	48	46	44	47	47	47	48	46	49	57	46	46	48	45	50	48	49	43	45	43	42	44
ABalppppaa 0.0608	81	85	78	77	75	83	74	74	78	77	74	78	77	77	84	73	82	76	72	78	73	78	87	92	92	94	73
ABalppppaad NA																											
ABalppppaav NA																											
ABalppppap 0	68	73	78	68	66	69	74	70	73	74	71	73	69	74	71	66	71	70	66	68	65	68	80	77	78	76	80
ABalppppapa NA																			103		107	114					
ABalppppapaa NA																											
ABalppppapap NA																											
ABalppppapp NA																											
ABalppppp 0.0267	40	40	40	37	40	42	43	40	40	42	43	38	40	42	42	39	39	42	40	43	42	43	37	41	38	37	37
ABalpppppa 0.9375	68	74	74	75	75	71	72	69	75	75	69	82	74	70	69	74	74	72	76	78	70	73	73	79	70	72	70
ABalpppppaa NA																											
ABalpppppap NA																											
ABalpppppp 0.0904	50	52	52	51	51	49	52	50	56	51	50	50	50	52	46	49	52	52	50	52	52	52	50	53	52	53	52
ABalppppppa 0.748	80			87											81	87	82		83	84	82	82	78	86	96	81	81
ABalppppppaa NA																											
ABalppppppap NA																											
ABalppppppp 0.0403	75			80				71				76			68	70	72		72	74	75	78	85	86	78	72	82
ABalpppppppa NA																											
ABalpppppppp NA																											
ABar 0.0508	15	6	15		9	16	14	15	10	5	6	7	14	15	15	14	14	14	14	15	15	10	4	8	10	13	8
ABara 0	20	19	17	11	17	16	17	17	18	17	18	19	17	16	16	18	19	18	17	16	18	16	14	14	14	14	14
ABaraa 0.0066	27	26	24	23	28	24	24	26	24	27	28	24	26	24	27	24	25	25	26	25	25	26	21	24	19	21	22
ABaraaa 0.002	33	33	30	29	28	30	30	32	31	30	32	30	33	31	30	32	32	34	30	29	33	32	29	27	26	26	29
ABaraaaa 1e-04	43	43	44	42	40	48	41	41	40	43	49	41	42	42	40	44	48	43	42	40	44	43	37	38	40	39	37
ABaraaaaa 0.0117	51	50	52	52	49	51	52	50	51	52	52	50	54	52	52	52	51	56	50	49	53	51	48	48	50	50	50
ABaraaaaaa 0.2514	73	86	88	90	80	85	79	75	75	85	78	75	84	81	71	82	86	85	79	80	78	74	90	77	86	88	79
ABaraaaaaaa NA																											
ABaraaaaaap NA																											
ABaraaaaap 0.5537	77	81	86	88	82	82	80	78	82	77	78	74	89	95	80	73	79	60	86	78	76	78	81	76	83	82	86
ABaraaaaapa NA																											
ABaraaaaapp NA																											
ABaraaaap 0.5944	56	58	64	60	56	52	56	59	55	55	58	56	59	61	54	59	58	56	56	58	58	56	56	52	57	60	59
ABaraaaapa 0.2234	91	92		101	86	86	92	86	91		89	87			89	94	88	96	86	88	101	89	95	83	105	94	108
ABaraaaapaa NA																											
ABaraaaapap NA																											
ABaraaaapp NA																											
ABaraaap 0.1346	35	34	35	34	35	37	34	36	35	36	38	32	34	32	33	36	38	37	32	33	35	35	29	38	33	30	30
ABaraaapa 0.1498	40	41	40	40	40	43	43	40	43	41	41	41	40	40	41	41	42	44	41	43	42	41	37	39	44	38	39
ABaraaapaa 0.2159	68	71	74	77	75	82	77	76	81	77	74	74	72	70	69	73	79	100	70	69	71	68	83	71	91	79	76
ABaraaapaaa NA																											
ABaraaapaap NA																											
ABaraaapap 0.9791	55	57	61	60	54	63	59	58	65	59	53	55	53	55	54	56	58	66	59	55	58	54	57	55	65	58	53
ABaraaapapa NA																											
ABaraaapapp NA																											
ABaraaapp 0.0844	51	52	52	52	47	54	54	51	52	54	52	51	51	52	49	57	54	52	51	53	53	54	48	45	51	44	54
ABaraaappa 0.505	80	80	99	92	95	88	90	86	89	87	83	88	91	90	88	88	96	80	82	84	81	86	82	96	84	98	89
ABaraaappaa NA																											
ABaraaappap NA																											
ABaraaappp 0.049	73	73	78	83	73	72	79	81	75	80	74	74	77	83	69	75	79	76	74	72	70	71	84	73	91	94	101
ABaraaapppa NA																											
ABaraaapppp NA																											
ABaraap 5e-04	33	30	30	29	28	30	30	31	30	29	31	30	29	30	30	30	32	31	28	29	31	31	27	26	25	26	27
ABaraapa 0.0012	37	37	35	40	35	37	38	38	40	40	41	37	37	36	36	38	40	41	37	36	38	35	30	34	33	30	34
ABaraapaa 0.0068	46	47	48	49	47	49	48	48	48	47	46	47	47	45	46	49	46	49	46	47	50	48	41	46	43	42	42
ABaraapaaa 0.2293	72	74	89	86	80	74	76	80	79	82	76	84	86	77	76	75	80	81	77	82	76	79	79	73	72	84	67
ABaraapaaaa NA																											
ABaraapaaap NA																											
ABaraapaap 0.04	63	60	72	69	66	63	64	66	62	67	60	67	67	64	61	64	63	66	62	65	63	65	64	62	59	63	59
ABaraapaapa NA																											
ABaraapaapp NA																											
ABaraapap 0.0257	43	46	45	44	43	46	44	43	44	46	44	47	42	43	46	46	43	47	45	44	44	46	40	43	43	42	39
ABaraapapa 0.0197	54	51	52	51	51	55	56	53	52	57	57	52	53	57	51	51	52	52	54	59	52	54	56	57	56	58	62
ABaraapapaa NA																			142		141	143					
ABaraapapaad NA																											
ABaraapapaav NA																											
ABaraapapap NA																											
ABaraapapp 0.0198	88	104	94	106	88	100	90	89	86	88	81	87	88	91	81	100	95	98	96	96	86	84	102	92	100	102	97
ABaraapappa NA																											
ABaraapappp NA																											
ABaraapp 0.0025	35	34	33	36	35	37	36	36	36	35	37	32	35	35	33	36	38	36	34	34	38	37	30	34	30	30	30
ABaraappa 0.0871	44	46	50	47	45	49	48	45	46	44	47	46	46	44	47	46	46	47	45	46	47	44	49	46	49	46	50
ABaraappaa 0.956	81	87	99	85	86	84	84	83	82	80	75	80	84	74	78	82	83	86	77	84	73	79	84	79	85	81	82
ABaraappaaa NA																											
ABaraappaap NA																											
ABaraappap 0.4704	63	63	74	60	65	64	64	64	62	62	62	62	64	62	61	59	61	65	62	65	60	63	61	62	66	62	59
ABaraappapa NA																											
ABaraappapp NA																											
ABaraappp 0.4077	44	46	45	46	43	49	46	46	43	49	44	46	44	46	47	44	45	50	45	48	47	46	44	43	49	44	44
ABaraapppa 0.1284	52	52	56	56	54	54	54	55	56	56	50	55	53	51	53	54	52	53	50	56	50	57	62	51	54	62	71
ABaraapppaa NA																			147								
ABaraapppaad NA																											
ABaraapppaav NA																											
ABaraapppap NA																											
ABaraapppp 0.3995	94	93	103	97	93	88	92	89	84	95	83	93	82	99	84	92	92	91	91	91	89	89	84	86	104	98	106
ABaraappppa NA																											
ABaraappppp NA																											
ABarap 0.0045	27	26	25	23	26	22	26	26	24	27	29	24	26	24	26	24	26	25	26	25	25	25	21	24	20	20	22
ABarapa 0.0056	31	30	28	29	30	30	29	32	31	30	32	30	29	29	30	32	31	31	30	31	31	31	26	27	25	27	29
ABarapaa 9e-04	40	38	36	36	35	38	38	38	36	40	40	39	37	38	38	39	41	38	36	37	38	38	32	36	33	33	34
ABarapaaa 9e-04	51	53	55	51	52	55	56	56	52	55	52	53	51	49	52	54	53	52	51	53	55	51	44	48	48	49	49
ABarapaaaa 0.0072	75	81	80	79	77	74	85	78	75	80	72	77	74	74	73	73	79	75	71	74	71	73	74	74	70	73	71
ABarapaaaaa NA																											
ABarapaaaap NA																											
ABarapaaap 0.0815	83	81		99	92	83	89	98	97	85	82	82	86	86	89	82	83	82	79	84	86	87	87	74	77	80	85
ABarapaaapa NA																											
ABarapaaapp NA																											
ABarapaap 5e-04	43	46	42	44	43	44	43	46	44	47	44	43	42	43	42	47	43	44	41	48	45	43	38	41	41	41	40
ABarapaapa 0.3481	91	96	92	101	95	95	95	98	106	95	97	97	88	83	89	95	93	94	86	98	91	87	95	88	91	94	94
ABarapaapaa NA																											
ABarapaapap NA																											
ABarapaapp 0.1734	55	60	58	58	58	62	57	56	56	57	54	55	55	55	56	54	58	58	54	56	53	57	57	55	57	51	52
ABarapaappa NA																											
ABarapaappp NA																											
ABarapap 0.0195	35	35	32	33	33	32	34	33	33	35	35	32	34	32	33	36	36	34	34	34	33	35	30	34	30	30	30
ABarapapa 0.0192	44	49	45	44	43	46	49	46	44	49	46	45	44	43	47	44	48	44	45	47	48	44	40	43	40	46	40
ABarapapaa 0.4619	75	70	74	83	82	77	79	78	73	77	81	75	77	72	73	76	77	79	69	80	73	71	82	73	75	86	74
ABarapapaaa NA																											
ABarapapaap 0.9555															93				98		94	111		110			86
ABarapapaapa NA																											
ABarapapaapp NA																											
ABarapapap 0.2487	59	71	66	68	69	64	70	69	65	67	60	65	67	62	60	68	64	65	64	64	62	63	68	64	66	74	65
ABarapapapa NA																											
ABarapapapp NA																											
ABarapapp 0.1016	42	43	44	40	40	41	41	43	41	42	43	41	40	40	41	41	42	43	38	42	40	40	38	41	39	41	40
ABarapappa 0.0934	111	112		117	113	115	108	111	116	105	116	117			112	114	104	117	116	120	111	120	124	116		125	142
ABarapappaa NA																											
ABarapappap NA																											
ABarapappp 0.9515	50	53	52	49	52	55	52	56	49	52	48	52	48	52	48	52	52	57	50	50	50	54	57	57	46	49	48
ABarapapppa NA																											
ABarapapppp NA																											
ABarapp 4e-04	33	30	28	31	32	30	29	31	31	30	31	30	29	30	30	30	31	31	30	31	31	33	27	27	26	29	27
ABarappa 0	38	40	36	34	35	38	36	38	38	36	38	37	39	36	38	41	40	39	39	36	38	37	34	34	34	33	34
ABarappaa 4e-04	51	53	56	56	50	55	54	51	52	54	52	53	51	51	52	51	52	53	50	53	53	52	44	48	46	49	47
ABarappaaa 0.2012	78	84	86	88	80	83	82	81	79	77	77	84	81	73	76	75	80	65	74	86	81	76	82	81	85	81	78
ABarappaaaa NA																											
ABarappaaap NA																											
ABarappaap 0.9091	80	84	92	90	84	88	85	84	94	93	77	84	84	82	79	83	95	90	86	88	83	79	91	79	88	89	80
ABarappaapa NA																											
ABarappaapp NA																											
ABarappap 0.0452	46	47	48	49	45	51	52	46	44	49	46	48	47	48	49	49	46	48	45	50	47	48	46	48	44	43	44
ABarappapa 0.688	70	68	72	67	71	77	74	73	73	70	68	72	67	70	68	70	72	75	72	70	68	66	71	64	68	76	69
ABarappapaa NA																											
ABarappapap NA																			117		113	111					
ABarappapapa NA																											
ABarappapapp NA																											
ABarappapp 0.4112	73	78	78	76	78	75	79	78	75	74	74	75	74	79	76	80	79	84	79	74	78	70	82	72	77	84	78
ABarappappa NA																											
ABarappappp NA																											
ABarappp 2e-04	35	37	33	33	33	35	34	35	35	35	37	36	35	35	33	36	37	37	34	34	36	35	30	32	33	32	32
ABarapppa 0.0126	48	47	52	49	50	51	49	48	49	51	46	50	49	47	47	47	48	48	50	50	45	48	44	48	46	44	45
ABarapppaa 0.466	78	85	89	86	80	83	87	83	82	83	78	78	81	82	83	76	82	80	79	83	81	78	89	75	90	83	83
ABarapppaaa NA																											
ABarapppaap NA																											
ABarapppap 0.3949	78	76	81	74	78	77	77	76	78	74	74	75	76	78	74	81	77	88	77	75	78	76	79	77	82	81	74
ABarapppapa NA																											
ABarapppapp NA																											
ABarapppp 0.0081	44	46	47	46	45	49	49	46	47	49	46	45	46	47	44	44	45	47	45	47	47	48	44	45	45	44	42
ABarappppa 8e-04	76	78	81	77	67	75	80	78	76	74	68	75	77	78	83	73	77	73	76	78	73	71	82	82	80	87	85
ABarappppaa NA																											
ABarappppap NA																											
ABarappppp 0.055	65	67	66	67	65	63	67	68	70	69	65	67	69	72	68	66	68	66	62	65	68	63	72	68	66	71	69
ABarapppppa NA																			123		120	121					
ABarapppppaa NA																											
ABarapppppap NA																											
ABarapppppp NA																											
ABarp 0	18	19	17	11	17	16	17	17	16	17	18	17	17	16	16	18	17	18	17	16	18	16	14	14	12	13	14
ABarpa 4e-04	28	26	27	27	30	25	27	29	28	27	28	28	28	26	27	26	28	28	26	25	25	26	21	24	22	23	24
ABarpaa 0.0034	28	28	27	27	28	26	27	27	26	27	28	26	26	26	27	28	28	28	27	29	28	28	24	26	22	23	24
ABarpaaa 0.0037	44	44	46	47	42	52	52	42	41	41	49	44	47	44	50	48	44	45	45	43	44	44	40	43	44	40	40
ABarpaaaa 0.0396	50	50	53	51	52	54	52	48	51	52	50	50	51	48	48	50	49	50	52	52	50	49	48	50	50	46	45
ABarpaaaaa 0.0108	93	104		96	101			94	94		83	94	93	100	99	89	96	99	90	91	94	87	106	108	125	127	107
ABarpaaaaal NA																											
ABarpaaaaar NA																											
ABarpaaaap 0.1734	96	98		90	97			84	94	82	91	87	96	104	94	87	92	91	88	84	94	86	100	89	101	114	91
ABarpaaaapa NA																											
ABarpaaaapp NA																											
ABarpaaap 0.0396	53	56	62	58	58	55	57	54	57	57	55	53	53	61	54	54	55	53	53	58	53	59	52	54	55	54	55
ABarpaaapa 0.1549	103	89		85	95			86	78	80	81	87	82	96	84	87	88	89	88	84	86	81	86	89		106	102
ABarpaaapaa NA																											
ABarpaaapap NA																											
ABarpaaapp NA																											
ABarpaap 0.0337	35	34	35	34	37	37	34	33	33	33	37	33	34	35	38	34	36	37	34	32	35	34	34	34	32	32	34
ABarpaapa 0.0282	45	44	48	46	47	46	46	43	43	42	47	44	47	47	49	44	45	45	45	46	47	44	46	41	42	40	40
ABarpaapaa NA																											
ABarpaapap NA																											
ABarpaapp 0.1473	45	46	48	47	47	49	48	41	43	44	46	44	47	47	51	44	43	46	45	48	45	46	46	46	42	40	44
ABarpaappa NA																											
ABarpaappp NA																											
ABarpap 0.0066	31	28	28	27	28	28	29	27	28	29	29	28	28	29	28	30	28	28	28	28	30	28	24	27	23	24	26
ABarpapa 0.0261	35	37	34	36	37	35	33	35	33	36	37	36	37	34	36	36	37	36	35	34	35	37	30	36	30	32	32
ABarpapaa 0.0461	49	50	55	51	50	52	52	53	49	51	50	48	49	49	52	49	52	51	51	50	52	49	46	46	50	46	50
ABarpapaaa 0.1213	85	92		94	95	91	89	86	94	90	91	92	91	100	91	88	102	84	88	90	89	89	107	83	104	105	99
ABarpapaaaa NA																											
ABarpapaaap NA																											
ABarpapaap 0.1566	60	62	69	60	62	58	64	63	63	62	62	63	59	70	63	59	63	61	64	62	60	62	69	64	70	60	64
ABarpapaapa NA																											
ABarpapaapp NA											85								95	84	79	94		110			
ABarpapaappa NA																											
ABarpapaappp NA																											
ABarpapap 0.6247	48	50	52	51	49	52	51	51	49	51	49	50	47	49	51	52	50	52	51	49	50	49	52	52	48	46	50
ABarpapapa NA																											
ABarpapapp NA																											
ABarpapp 0.1325	35	37	38	36	38	35	33	35	33	36	37	37	37	34	41	37	37	34	39	36	33	37	34	38	33	32	35
ABarpappa 0.0107	53	55	58	56	56	54	57	56	52	54	56	56	54	56	57	56	53	53	53	55	55	52	43	52	49	50	49
ABarpappaa NA																											
ABarpappap NA																											
ABarpappp 0.0016	48	49	48	49	49	49	54	48	44	49	50	47	47	49	51	49	46	48	50	49	48	46	46	45	43	41	44
ABarpapppa NA																											
ABarpapppp NA																											
ABarpp 4e-04	30	29	27	27	34	27	29	29	28	29	29	30	30	27	29	26	28	30	27	27	27	26	23	26	22	23	24
ABarppa 0.0113	29	29	27	29	28	28	27	27	30	27	28	28	28	29	28	30	29	29	27	28	28	29	24	27	23	26	26
ABarppaa 0.3868	38	38	41	40	40	38	43	40	38	40	40	39	39	40	41	39	40	43	39	37	43	38	40	39	36	42	37
ABarppaaa 0.1673	54	55	56	58	54	58	56	54	57	57	55	53	59	52	59	54	52	58	56	55	60	59	57	61	59	64	54
ABarppaaaa NA																											
ABarppaaap NA																											
ABarppaap 0.0888	46	49	53	49	50	51	49	46	51	51	49	48	51	48	52	51	48	51	51	50	50	49	56	55	54	55	47
ABarppaapa NA																											
ABarppaapp NA																											
ABarppaappa NA																											
ABarppaappp NA																											
ABarppap 0.6133	45	41	41	40	44	42	43	40	40	41	43	40	42	39	41	41	41	45	42	39	41	41	44	43	38	40	45
ABarppapa 0.3065	53	58	53	54	52	55	54	51	57	55	52	58	56	60	57	56	55	60	56	56	56	59	96	91	49	49	
ABarppapaa NA																											
ABarppapap NA																											
ABarppapp 0.9053	53	55	56	61	56	58	56	53	57	57	53	58	56	57	56	54	54	60	58	58	61	57			48	63	
ABarppappa NA																											
ABarppappp NA																											
ABarppp 0.0435	31	29	28	29	30	29	30	29	28	29	29	28	29	29	27	30	29	28	28	28	30	29	24	29	23	26	27
ABarpppa 0.8431	37	38	38	40	36	38	38	36	36	36	38	37	39	36	40	39	37	41	37	37	36	40	38	38	37	37	38
ABarpppaa 0.2741	53	55	56	60	52	55	52	54	52	55	53	53	56	57	57	53	52	62	55	53	55	52	54	52	49	58	50
ABarpppaaa NA																											
ABarpppaap NA																											
ABarpppap 0.9821	48	47	50	51	52	48	48	46	46	47	49	48	56	52	52	47	55	48	50	49	50	48	49	50	45	54	49
ABarpppapa NA																											
ABarpppapp NA																					198						
ABarpppappa NA																											
ABarpppappp NA																											
ABarpppp 0.5911	41	41	39	40	40	42	41	40	40	41	43	39	40	42	40	37	41	43	39	39	41	40	41	43	41	39	40
ABarppppa 0.1707	48	55	53	58	54	52	54	51	48	52	53	51	56	56	54	52	54	58	53	55	52	56	52			49	52
ABarppppaa NA																											
ABarppppap NA																											
ABarppppp 0.2839	53	56	55	56	60	55	57	53	51	52	55	56	59	58	52	51	52	55	58	55	53	49	51			50	56
ABarpppppa NA																											
ABarpppppp NA																											
ABp NA						11							12	12	12		12		14								
ABpl 0.0107	15	8	15		7	14	14	15	10	5	6	7	16	14	15	16	14	14	14	15	15	10	6	8	10	11	8
ABpla 7e-04	18	16	17	9	19	18	17	17	16	17	18	17	16	15	16	16	17	17	17	16	18	16	12	12	12	14	14
ABplaa 0.007	27	27	25	25	26	22	24	26	26	25	29	26	25	24	26	26	26	27	26	25	25	26	21	24	20	21	24
ABplaaa 1e-04	31	28	28	27	30	28	29	29	31	30	31	28	29	30	30	30	31	28	30	28	31	31	26	26	25	27	26
ABplaaaa 0.5231	38	35	38	34	35	35	34	35	38	38	38	36	37	35	35	36	37	38	36	34	36	37	35	38	32	36	37
ABplaaaaa 0.0017	53	52	52	49	50	52	51	51	56	54	52	52	49	48	52	52	49	53	55	56	52	54	49	46	45	49	47
ABplaaaaaa 0.0181	90	92		92	82	98	84	86	95	93	96	97	88	108	91	95	92	86	91	88	88	87	111	116		108	98
ABplaaaaaaa NA																											
ABplaaaaaap NA																											
ABplaaaaap 3e-04	62	65	66	65	62	66	61	63	64	62	65	62	62	65	60	61	63	61	62	61	62	62	68	66	69	69	66
ABplaaaaapa NA																											
ABplaaaaapp NA															86				98		84	90		114			
ABplaaaaappa NA																											
ABplaaaaappp NA																											
ABplaaaap 1e-04	48	47	52	47	52	54	52	51	51	55	49	50	49	47	47	52	48	50	51	52	48	52	48	46	45	46	47
ABplaaaapa NA																											
ABplaaaapp NA																											
ABplaaap 0.1404	36	38	38	34	40	37	38	37	38	38	43	36	37	35	38	38	40	41	37	36	38	38	34	38	34	36	38
ABplaaapa 0.0021	51	52	56	54	54	57	54	56	59	57	55	53	54	57	57	54	55	52	55	56	56	54	49	45	51	49	45
ABplaaapaa NA																											
ABplaaapap NA																											
ABplaaapp 0.0027	44	47	50	47	50	49	49	50	52	49	49	45	47	49	47	49	49	48	55	48	48	49	43	45	44	46	47
ABplaaappa NA																											
ABplaaappp NA																											
ABplaap 2e-04	31	28	27	27	30	30	30	29	30	27	29	26	28	28	28	28	31	27	28	26	30	29	24	26	23	26	24
ABplaapa 0.4803	36	38	41	36	37	37	38	37	38	35	40	38	35	35	36	38	41	37	37	36	38	38	37	38	36	36	38
ABplaapaa 0.0945	49	47	50	49	50	52	51	51	52	51	52	48	49	48	49	47	48	48	51	53	50	49	48	50	44	47	49
ABplaapaaa 0.0916	85	82	81	86	80	88	82	86	87	82	81	83	84	85	81	85	79	81	79	83	86	79	93	85	88	88	82
ABplaapaaaa NA																											
ABplaapaaap NA																											
ABplaapaap 0.4396	67	70	72	74	73	71	70	71	75	72	74	70	70	68	71	71	66	72	67	71	71	66	71	72	74	73	68
ABplaapaapa NA																											
ABplaapaapp NA																											
ABplaapap 0.0105	46	46	47	47	47	48	49	50	49	52	50	47	46	49	47	47	45	50	48	49	47	51	46	46	44	43	42
ABplaapapa 0.0791	85	90	88	86	86	91	92	91	87	82	86	87	84	91	88	80	86	75	89	82	88	82	89	88	91	102	90
ABplaapapaa NA																											
ABplaapapap NA																											
ABplaapapp 0.1565	59	62	62	63	64	66	64	65	65	60	65	67	64	61	64	59	63	62	67	61	63	63	61	66	66	72	66
ABplaapappa NA																											
ABplaapappp NA																			103		97	98		106			
ABplaapapppa NA																											
ABplaapapppp NA																											
ABplaapp 0.0115	32	32	35	31	33	34	36	33	33	33	37	33	32	31	35	32	36	36	34	33	35	33	32	31	30	33	32
ABplaappa 0	51	53	55	49	58	54	52	53	52	52	53	50	51	49	54	49	50	54	56	52	58	52	43	46	45	46	45
ABplaappaa NA																											
ABplaappap NA																											
ABplaappp 0.0025	45	47	47	40	47	48	49	45	44	44	46	42	46	42	46	44	46	46	50	46	45	48	40	41	40	44	42
ABplaapppa NA																											
ABplaapppp NA														91													
ABplap 0.0025	28	27	25	25	26	22	24	26	26	25	28	28	26	24	26	26	28	27	24	25	25	25	20	24	20	21	22
ABplapa 0.0058	30	28	28	29	30	28	27	29	28	27	32	28	28	28	28	28	29	28	29	29	28	29	26	27	23	24	26
ABplapaa 0.2848	38	38	38	36	39	43	41	38	38	40	40	37	37	36	38	38	41	39	37	36	41	40	38	36	40	36	38
ABplapaaa 0.0089	48	47	50	46	47	51	46	48	47	47	49	47	47	47	47	46	48	48	50	49	48	52	45	46	44	44	47
ABplapaaaa 0.0191	80	76	77	76	77	84	77	78	78	77	77	75	81	79	86	83	77	77	81	80	78	78	88	81	94	84	87
ABplapaaaaa NA																											
ABplapaaaap NA																					118	108					
ABplapaaaapa NA																											
ABplapaaaapp NA																											
ABplapaaap 0.0055	81	74	75	68	71	78	77	73	71	72	75	75	77	86	78	83	77	77	77	84	78	70	89	83	90	94	82
ABplapaaapa NA																						117					
ABplapaaapad NA																											
ABplapaaapav NA																											
ABplapaaapp NA																											
ABplapaap 0.131	53	50	50	51	54	60	52	51	51	49	53	53	49	53	54	52	54	51	55	56	52	56	46	50	52	49	54
ABplapaapa NA																											
ABplapaapp NA																											
ABplapap 0.0153	36	35	32	34	35	38	36	33	35	35	35	32	34	32	33	36	36	36	34	33	36	35	32	34	33	32	34
ABplapapa 0.0043	48	49	52	47	50	49	46	50	47	51	50	46	52	48	54	47	49	50	48	50	52	48	43	43	48	42	45
ABplapapaa NA																											
ABplapapaaa NA																											
ABplapapaap NA																											
ABplapapap NA																											
ABplapapp 0.1323	46	46	48	44	43	46	43	48	47	49	49	45	46	47	44	44	45	44	45	47	47	45	46	43	45	46	42
ABplapappa NA																											
ABplapappp 0.1491	88	88	89	86		88	80	86	92	90	81	87	93	90	88	88	90	86	87	81	91	90	109	101	91	89	86
ABplapapppa NA																											
ABplapapppp NA																					89	94					
ABplapappppa NA																											
ABplapappppaa NA																											
ABplapappppap NA																											
ABplapappppp NA																											
ABplapp 0.003	30	30	28	29	30	30	29	29	30	29	31	26	28	30	28	30	31	30	29	29	30	29	26	27	23	24	26
ABplappa 0.57	38	37	39	34	39	37	38	38	36	35	37	36	39	36	36	34	37	41	39	37	38	37	34	39	36	37	37
ABplappaa 0.1963	49	47	48	47	50	51	49	46	47	49	49	45	51	53	52	46	48	50	50	50	53	49	46	50	49	47	47
ABplappaaa NA																											
ABplappaap NA																											
ABplappap 0.8206	46	46	50	49	49	51	51	48	49	49	52	47	51	49	51	49	48	47	50	49	50	48	52	50	48	49	47
ABplappapa NA																											
ABplappapp NA																											
ABplappp 0.8699	40	38	41	38	40	42	38	40	41	38	41	42	40	39	38	39	40	41	40	40	41	43	38	43	38	40	42
ABplapppa 0.0082	58	52	58	58	54	55	54	51	54	55	53	51	51	56	52	57	54	51	56	53	56	54	48	50	54	49	49
ABplapppaa 0.984	103	100		97	95		89	94	97	93	95	89	102	99	91	95	99	88	86	90	103	89	101	89	92	96	95
ABplapppaaa NA																											
ABplapppaap NA																											
ABplapppap 0.2886	70	70	74	67	71	68	64	68	73	72	65	69	72	68	68	68	72	65	66	68	72	68	76	70	67	70	70
ABplapppapa NA																											
ABplapppapp NA																			108		104	98					
ABplapppappa NA																											
ABplapppappp NA																											
ABplapppp 0.7248	54	50	55	51	56	54	52	54	51	52	55	55	52	53	54	52	56	53	51	56	55	54	49	54	57	52	54
ABplappppa NA																											
ABplappppp NA																											
ABplp 1e-04	20	18	17	11	19	18	17	17	18	17	18	17	16	16	16	16	19	18	17	16	18	16	12	14	14	14	14
ABplpa 0.001	27	26	25	25	28	24	27	27	26	27	29	28	26	24	27	26	26	27	24	25	27	26	23	24	20	21	22
ABplpaa 9e-04	33	30	30	27	30	30	29	29	31	30	32	30	29	30	28	30	31	31	30	28	31	32	26	27	23	26	26
ABplpaaa 0.0285	37	38	36	34	35	37	39	36	38	36	38	34	35	35	36	38	38	34	37	36	38	35	32	36	34	30	34
ABplpaaaa 0	43	43	47	44	43	44	46	48	49	47	47	43	46	48	46	44	45	44	45	50	47	48	41	41	44	42	42
ABplpaaaaa 0.0554	75	76	80	76	76	78	79	80	84	77	74	72	76	85	76	73	76	78	76	80	73	73	90	75	91	82	85
ABplpaaaaaa NA																											
ABplpaaaaap NA																											
ABplpaaaap 0.1965	65	66	75	68	69	69	70	68	71	64	71	68	67	72	69	68	66	66	69	71	66	62	72	66	80	73	69
ABplpaaaapa NA																											
ABplpaaaapp NA																											
ABplpaaap 0.0384	46	43	50	46	45	49	48	48	47	47	49	45	46	49	51	47	46	46	46	50	48	48	44	43	48	44	45
ABplpaaapa 0.0246	96	95		99	88	98	100	94	94	95	92	93	94	102	93	95	101	88	91	93	91	87	104	99	115	115	99
ABplpaaapaa NA																											
ABplpaaapap NA																											
ABplpaaapp 0.0113	62	63	66	63	64	69	70	68	65	64	69	67	69	66	66	68	68	66	64	72	65	65	74	75	79	78	68
ABplpaaappa NA																			117		108	113					
ABplpaaappaa NA																											
ABplpaaappap NA																											
ABplpaaappp NA																											
ABplpaap 0.0022	37	37	36	34	35	37	34	35	35	35	37	34	35	34	35	34	38	34	34	34	40	35	30	32	32	30	34
ABplpaapa 0.0059	46	47	50	47	47	51	51	50	50	49	50	48	49	51	52	49	48	48	50	49	48	51	41	46	46	44	45
ABplpaapaa 0.0242	75	74	77	78	80	78	84	71	72	75	74	74	70	82	73	75	74	73	86	75	75	73	87	75	86	86	92
ABplpaapaaa NA																											
ABplpaapaap NA																											
ABplpaapap 0	80	73	78	74	75	75	79	84	75	75	74	77	72	79	70	73	79	73	76	75	72	68	87	82	88	86	87
ABplpaapapa NA																											
ABplpaapapp NA																											
ABplpaapp 0.0738	41	44	50	42	45	48	46	45	47	46	46	47	44	46	49	44	45	46	46	44	44	46	38	43	45	44	44
ABplpaappa 0.0542	72	71	80	72	73	72	69	74	75	72	71	72	70	78	71	73	79	74	72	72	70	71	82	70	82	82	83
ABplpaappaa NA																											
ABplpaappap NA																											
ABplpaappp 0.083	70	68	74	68	66	69	64	70	71	69	66	65	67	73	69	68	73	67	66	68	66	68	73	66	72	78	76
ABplpaapppa NA																											
ABplpaapppp NA																			113		107	111					
ABplpaappppa NA																											
ABplpaappppp NA																											
ABplpap 0.0065	30	28	28	27	30	28	27	29	28	29	29	28	29	29	28	30	29	30	29	26	30	29	24	27	23	26	26
ABplpapa 0.0134	35	35	36	34	35	37	38	36	38	36	38	36	35	34	36	36	36	36	37	34	38	37	32	36	33	33	34
ABplpapaa 0.0131	50	50	50	51	50	54	54	53	50	52	52	53	47	52	52	52	52	50	50	52	52	54	48	45	49	50	47
ABplpapaaa 0.2417	78	79	88	81	77	77	74	81	57	83	77	78	79	75	80	73	80	76	81	86	78	81	77	75	90	86	82
ABplpapaaaa NA																											
ABplpapaaap NA																											
ABplpapaap 0.0931	76	81	86	79	79	78	74	76	81	78	78	82	77	88	74	80	77	80	82	80	73	76	86	77	85	91	82
ABplpapaapa NA																											
ABplpapaapp NA																											
ABplpapap 0.7328	46	49	48	47	47	51	51	51	49	47	49	48	47	47	47	49	46	48	46	49	48	49	44	46	51	47	50
ABplpapapa 0.1154	68	65	72	68	71	72	75	68	73	69	68	70	67	69	68	66	70	65	67	69	68	66	77	70	73	73	68
ABplpapapaa NA																											
ABplpapapap NA																											
ABplpapapp 0.0073	73	71	77	68	69	69	72	73	72	67	69	67	74	76	71	68	77	68	71	74	70	63	79	72	79	80	78
ABplpapappa NA																											
ABplpapappp NA																											
ABplpapp 0.0358	32	34	35	33	33	34	34	32	35	35	37	32	34	32	33	32	33	33	34	33	35	35	30	32	30	30	34
ABplpappa 0.075	43	44	42	40	43	44	44	43	44	44	44	41	42	44	47	42	40	46	43	43	45	43	44	46	45	44	44
ABplpappaa 0.1107	50	42	55	54	56	57	56	54	49	56	53	53	51	53	53	51	54	57	52	55	50	54	59	53	53	60	55
ABplpappaaa NA																											
ABplpappaap NA																											
ABplpappap NA																											
ABplpappp 0.278	51	50	53	51	50	57	52	53	49	54	58	48	49	51	57	49	52	52	55	49	52	48	49	48	53	50	52
ABplpapppa 0.0204	78	74	81	72	75	82	80	75	78	80	77	73	74	81	73	75	80	71	71	71	71	79	77	81	88	81	84
ABplpapppaa NA																											
ABplpapppap NA																											
ABplpapppp 0.2969	80	79	88	79	84	86	85	76	79	90	78	85	76	81	79	78	79	76	82	77	78	76	84	72	94	83	100
ABplpappppa NA																											
ABplpappppp NA																											
ABplpp 0.0055	28	26	27	25	28	25	27	27	26	27	28	30	30	26	27	28	26	28	26	25	27	28	23	24	19	23	24
ABplppa 0.0036	32	33	28	29	34	30	32	31	31	32	34	30	29	31	30	32	32	31	30	31	31	31	26	29	26	26	29
ABplppaa 3e-04	41	41	42	38	42	46	46	41	40	41	44	40	39	38	43	41	40	38	39	39	43	41	35	38	34	37	37
ABplppaaa 0.1506	54	53	55	54	56	54	56	53	54	57	55	52	51	52	54	54	52	53	55	55	53	56	49	52	54	54	54
ABplppaaaa 0.0303	62	59	60	60	64	64	59	64	60	60	60	60	60	58	58	60	58	60	61	62	60	63	63	61	64	64	61
ABplppaaaaa NA																											
ABplppaaaap 0.5527															94				103		80	100		95			84
ABplppaaaapa NA																											
ABplppaaaapp NA																											
ABplppaaap NA																											
ABplppaap 0.2924	51	50	50	51	52	49	52	50	51	51	49	50	49	49	52	49	49	51	51	49	52	51	51	48	55	58	50
ABplppaapa 0.5392	77	89	86	83	88	89		83	94	85	80	84	83	86	80	82	90	85	82	84	83	84	93	83	84	82	88
ABplppaapaa NA																											
ABplppaapap NA																											
ABplppaapp 0.2209	72	72	81	78	90	77	80	78	78	75	74	78	77	82	78	73	74	73	76	83	75	71	78	76	87	77	84
ABplppaappa NA																											
ABplppaappp NA																											
ABplppap 0.0028	38	37	39	36	38	40	41	40	38	38	40	33	37	35	38	39	40	37	36	36	41	38	32	36	33	34	35
ABplppapa 0.7929	48	49	48	47	50	49	51	48	51	50	50	50	47	48	49	49	49	51	50	50	47	48	46	50	51	50	47
ABplppapaa 0.0064	72	68	69	67	68	68	70	70	71	67	66	67	69	70	64	66	67	70	67	70	68	65	76	70	74	77	78
ABplppapaaa NA																											
ABplppapaaaa NA																											
ABplppapaaap NA																											
ABplppapaap NA																											
ABplppapap 0.4011	83	88	89	85	92	80		94	86	90	86	90	95	85	86	87	92	82	81	90	85	84	96	83	94	83	93
ABplppapapa NA																											
ABplppapapp NA																											
ABplppapp 0.3043	50	52	52	51	58	54	56	54	54	55	52	56	49	53	52	51	52	52	56	55	52	52	49	55	58	66	54
ABplppappa 0.0033	76	76	81	72	75	75	80	83	78	78	74	75	81	81	74	75	82	73	74	75	75	78	99	89	95	84	93
ABplppappaa NA																											
ABplppappap NA																											
ABplppappp 0.002	93	87		85	94	82		88	91	90	83	87	93	102	79	90	86	89	84	97	81	79	98	94	106	99	106
ABplppapppa NA																											
ABplppapppp NA																											
ABplppp 7e-04	31	30	28	29	32	28	29	31	30	29	32	28	29	29	28	30	31	29	28	28	31	30	24	27	25	24	26
ABplpppa 0.0135	37	37	36	34	35	35	38	36	36	38	38	34	35	35	36	36	37	37	34	34	38	37	35	34	32	34	34
ABplpppaa 0.031	46	49	48	49	52	55	51	48	49	47	49	48	49	48	49	49	48	46	50	50	50	49	49	41	45	46	44
ABplpppaaa 0.0098	73	81	86	81	71	77	82	76	78	85	76	77	77	83	76	82	86	75	82	80	78	73	88	80	86	89	83
ABplpppaaaa NA																											
ABplpppaaap NA																											
ABplpppaap 0.2477	76	78	84	70	73	74	76	76	79	75	72	72	74	76	74	76	77	71	76	74	75	76	78	77	76	86	74
ABplpppaapa NA																											
ABplpppaapaa NA																											
ABplpppaapap NA																											
ABplpppaapp NA																											
ABplpppap 0.8993	46	49	52	47	54	52	51	50	47	51	49	50	47	49	51	49	49	47	48	49	48	48	52	48	48	50	47
ABplpppapa 0.095	54	51	53	54	55	52	56	54	56	60	51	50	54	52	51	49	54	51	54	51	55	52	60	72	54	53	69
ABplpppapaa NA																											
ABplpppapap NA																											
ABplpppapp NA																											
ABplpppp 0.0162	37	37	34	34	35	35	36	35	36	36	35	34	34	34	36	34	36	34	32	34	36	35	34	34	32	30	32
ABplppppa 0.2484	45	44	47	44	47	46	48	45	46	47	47	45	44	44	47	47	46	47	46	47	47	48	51	45	48	47	47
ABplppppaa 0.3305	76	70	81	74	71	71	72	73	79	74	69	75	65	66	66	71	76	68	72	72	71	70	71	77	79	75	69
ABplppppaaa NA																											
ABplppppaap NA																											
ABplppppap 0.0931	75	68	80	74	67	74	76	69	75	69	75	72	70	70	66	70	71	70	70	75	70	71	73	75	74	76	71
ABplppppapa NA																											
ABplppppapp NA																											
ABplppppp 0.0799	46	46	50	47	52	49	52	51	49	49	52	47	49	48	47	52	48	47	48	47	48	49	54	50	48	53	54
ABplpppppa 0.0015	86	87	94	86	86	88	90	91	87		101	87	86	115	84	94		82	88	90	88	81	103	101	116	109	118
ABplpppppaa NA																											
ABplpppppap NA																											
ABplpppppp 0.8846	68	70	75	76	73	64	70	73	76	70	69	70	72	65	69	64	67	61	60	66	68	74	68	72	66	72	68
ABplppppppa NA																											
ABplppppppp NA																											
ABpr 0.0151	15	6	15		9	14	14	15	10	5	6	7	16	14	15	16	15	14	14	15	15	10	4	7	10	11	8
ABpra 0.0012	20	19	17	11	17	18	17	17	18	17	18	17	16	16	16	18	17	17	17	16	18	16	14	15	12	14	14
ABpraa 3e-04	28	26	24	23	26	24	24	26	24	25	29	26	28	24	26	24	25	25	24	24	29	26	23	22	22	20	21
ABpraaa 2e-04	31	32	29	29	30	31	29	31	30	30	32	30	29	30	32	33	32	31	32	29	31	31	27	27	26	29	27
ABpraaaa 0.007	43	40	41	38	39	42	43	38	38	40	43	41	39	40	43	41	43	42	40	40	43	40	37	38	38	40	37
ABpraaaaa 0.0017	51	53	59	52	52	58	56	53	54	52	50	56	51	52	52	56	52	60	53	52	53	52	51	52	48	51	50
ABpraaaaaa 0.0052	82	84		83	79	86	82	91	79	82	78	84	83	98	83	82	83	79	81	81	80	81	105	88	95	95	96
ABpraaaaaaa NA																											
ABpraaaaaap NA																											
ABpraaaaap 0.0125	91	94		97	95		87	99	90	88	88	97	103	99	98	99	93	92	86	91	91	89	120	104	111	100	121
ABpraaaaapd NA																											
ABpraaaaapv NA																											
ABpraaaap 0.0292	43	44	44	47	45	46	46	46	46	47	44	45	44	46	46	44	46	48	46	46	45	48	45	43	41	44	40
ABpraaaapa 0.1697	80	75	77	74	75	82	80	83	81	83	77	77	76	78	76	76	82	72	72	74	76	74	86	77	91	96	73
ABpraaaapad NA																											
ABpraaaapav NA																											
ABpraaaapp 0.1424	67	67	63	67	69	71	64	66	71	67	63	68	64	69	76	68	67	68	64	66	66	66	81	66	68	72	73
ABpraaaappa NA																											
ABpraaaappp NA																			86		92	89		100			
ABpraaaapppa NA																											
ABpraaaapppp NA																											
ABpraaap 0.0096	37	37	36	34	35	37	36	35	35	36	38	36	35	35	36	36	37	37	37	36	38	37	34	36	33	33	34
ABpraaapa 0.0278	48	47	48	49	50	54	51	50	52	49	52	50	49	51	49	49	48	50	50	52	52	51	48	50	48	49	47
ABpraaapaa 0.0656	83	78	92	85	88	86	84	84	91	82	86	84	84	85	76	82	80	82	81	84	83	74	89	85	99	85	97
ABpraaapaad NA																											
ABpraaapaav NA																											
ABpraaapap 0.037	72	67	75	78	82	74	74	78	75	69	72	73	74	74	74	78	70	72	67	75	76	71	78	79	84	73	83
ABpraaapapa NA																			115			113					
ABpraaapapaa NA																											
ABpraaapapap NA																											
ABpraaapapp NA																											
ABpraaapp 0.1167	40	38	40	38	41	43	41	40	41	42	40	40	39	44	42	39	40	42	40	43	40	43	38	41	39	40	40
ABpraaappa 0.593	77	77	85	77	76	83	77	78	82	87	81	84	79	77	81	76	80	74	74	72	76	79	82	77	77	74	79
ABpraaappaa NA																											
ABpraaappap NA																											
ABpraaappp 0.2199	52	51	52	54	51	54	54	54	52	52	51	57	53	52	54	49	51	49	54	53	53	52	52	55	54	52	54
ABpraaapppa 0.03		84													99	87	85		83	91	87	84	80	86		79	77
ABpraaapppaa NA																											
ABpraaapppap NA																											
ABpraaapppp 0.1268		79													78	80	77	79	76	72	78	78	79	76	80	86	86
ABpraaappppa NA																											
ABpraaappppp NA																											
ABpraap 0.0175	29	30	27	27	28	30	27	29	26	27	32	28	28	28	30	30	31	31	30	29	31	29	24	27	23	27	27
ABpraapa 0	40	38	36	34	35	40	38	38	37	36	40	37	37	38	41	41	38	41	37	39	40	40	35	36	34	36	35
ABpraapaa 0.0011	50	49	48	49	47	51	51	50	51	49	49	50	51	51	52	51	48	50	51	50	52	51	46	46	46	49	47
ABpraapaaa 0.5643	83	82	81	83	78	84	80	80	86	80	86	82	82	83	84	85	83	74	79	80	85	78	82	77	91	86	80
ABpraapaaaa NA																											
ABpraapaaap NA																											
ABpraapaap 0.1043	68	68	75	74	67	72	70	73	70	69	68	67	69	73	73	68	70	67	67	70	70	65	74	70	80	82	69
ABpraapaapa NA																											
ABpraapaapp NA																											
ABpraapap 0.0384	48	46	50	47	45	48	48	46	49	49	49	47	46	51	51	47	46	51	50	50	47	51	48	46	48	46	45
ABpraapapa 0.0184	83	84	88	86	82	89	85	84	86	82	84	88	88	82	84	87	86	84	93	87	83	86	99	90	97	88	94
ABpraapapaa NA																											
ABpraapapap NA																											
ABpraapapp 0.0832	67	64	64	63	60	64	61	65	65	60	63	62	64	65	61	61	63	63	62	65	60	63	71	66	64	65	64
ABpraapappa NA																											
ABpraapappp NA																			102		104	101		112			
ABpraapapppa NA																											
ABpraapapppp NA																											
ABpraapp 0.014	35	35	33	34	35	35	34	33	33	33	37	34	35	35	36	36	34	37	34	34	36	37	34	34	32	32	30
ABpraappa 0	51	52	55	52	58	55	54	53	55	54	55	51	51	56	56	54	52	58	55	55	52	56	44	46	45	46	44
ABpraappaa NA																											
ABpraappap NA																											
ABpraappp 0.0788	46	46	47	44	47	49	46	45	44	46	47	46	46	47	47	47	46	52	48	47	47	48	43	46	46	46	44
ABpraapppa NA																											
ABpraapppp NA																											
ABprap 0.0024	27	26	24	23	26	24	24	26	24	25	28	28	26	24	26	24	26	25	24	24	27	26	21	24	20	21	22
ABprapa 0.0046	31	28	27	29	30	28	27	29	28	27	31	30	29	29	30	30	31	31	30	28	30	29	27	27	25	26	27
ABprapaa 8e-04	37	43	43	38	40	43	43	40	40	38	38	39	37	38	41	39	38	41	39	37	39	43	35	38	34	36	37
ABprapaaa 0.0205	49	50	48	49	49	52	49	50	49	50	50	50	47	51	52	49	49	51	46	49	50	49	46	48	46	44	49
ABprapaaaa 0.0713	83	82	80	78	79	77	75	81	87	80	76	79	77	83	78	80	80	82	84	80	81	81	93	85	107	88	82
ABprapaaaaa NA																											
ABprapaaaap NA																					110	105					
ABprapaaaapa NA																											
ABprapaaaapp NA																											
ABprapaaap 0.0119	73	73	81	74	75	74	74	80	78	70	74	75	76	82	80	78	71	75	84	77	72	82	91	77	96	94	93
ABprapaaapa NA																					115						
ABprapaaapad NA																											
ABprapaaapav NA																											
ABprapaaapp NA																											
ABprapaap 0.4009	53	53	50	52	54	54	52	53	52	54	55	60	52	53	56	54	55	58	53	58	52	54	48	53	54	53	55
ABprapaapa NA																											
ABprapaapp NA																											
ABprapap 2e-04	37	37	36	34	37	37	39	37	35	35	36	34	35	35	36	34	37	37	35	34	36	37	34	32	33	32	34
ABprapapa 0.0752	51	50	50	47	49	49	52	46	49	47	53	50	49	51	52	51	49	53	53	50	50	49	46	52	46	47	47
ABprapapaa NA																											
ABprapapaaa NA																											
ABprapapaap NA																											
ABprapapap NA																											
ABprapapp 0.1252	46	47	47	46	47	48	49	45	47	46	49	47	47	48	47	46	48	48	46	48	48	44	41	46	46	43	47
ABprapappa NA																											
ABprapappp 0.0911	96	84	88	95	90	89	90	94	89	90	90	92	91	100	89	85	89	87	86	88	86	85	85	109	97	97	104
ABprapapppa NA																											
ABprapapppp NA																					90	82					
ABprapappppa NA																											
ABprapappppaa NA																											
ABprapappppap NA																											
ABprapappppp NA																											
ABprapp 0	33	30	29	29	30	30	29	29	30	27	32	28	31	30	30	30	32	30	29	29	30	31	26	27	26	27	27
ABprappa 0.2535	41	40	38	36	40	42	41	38	36	38	41	39	37	38	38	38	38	42	42	39	41	41	37	38	36	40	40
ABprappaa 0.0187	50	47	50	47	52	52	51	50	49	47	53	50	51	53	52	52	51	51	50	52	50	51	46	48	48	48	50
ABprappaaa NA																											
ABprappaap NA																											
ABprappap 0.2334	48	49	50	49	50	49	52	46	49	49	53	48	51	55	49	49	49	50	50	50	50	49	46	53	52	57	52
ABprappapa NA																											
ABprappapp NA																											
ABprappp 0.3534	43	41	41	38	40	42	41	42	40	41	41	42	39	40	43	41	40	42	39	42	43	41	40	39	40	43	38
ABprapppa 0.0958	59	52	53	52	54	57	57	54	54	54	56	56	52	53	56	56	55	56	56	56	58	57	56	50	48	55	50
ABprapppaa 0.5482		109		99	106		95	99	92	95	97	97	102	99	96	97	115	91	93	100	100	92	109	89	93	96	95
ABprapppaaa NA																											
ABprapppaap NA																											
ABprapppap 0.3001	76	68	70	78	75	68	72	70	73	67	68	74	70	73	69	68	80	68	69	68	75	66	75	66	75	76	75
ABprapppapa NA																											
ABprapppapp NA																			106		98	105					
ABprapppappa NA																											
ABprapppappp NA																											
ABprapppp 0.4712	56	55	52	56	56	57	56	53	52	54	56	60	56	53	56	54	52	57	55	53	55	56	57	52	54	62	57
ABprappppa NA																											
ABprappppp NA																											
ABprp 0	20	19	17	11	17	18	17	17	18	17	20	19	18	16	17	18	17	18	17	16	18	18	14	15	14	14	14
ABprpa 0.0052	28	27	25	25	28	24	26	27	26	25	28	26	25	26	26	26	28	27	26	25	27	25	23	24	20	21	24
ABprpaa 0.0032	32	30	28	29	32	30	29	31	30	30	32	30	31	29	30	32	30	30	28	29	31	31	26	29	26	27	27
ABprpaaa 0.0092	37	38	35	34	35	38	39	36	36	38	37	35	37	34	36	37	38	36	37	34	36	37	34	36	33	32	32
ABprpaaaa 0.0154	45	44	44	46	43	48	44	46	46	49	44	48	46	46	49	44	46	47	48	48	47	48	40	43	45	44	42
ABprpaaaaa 0.1245	73	76	80	81	77	82	79	80	78	82	75	75	84	79	78	82	77	84	81	80	78	79	85	77	96	86	81
ABprpaaaaaa NA																											
ABprpaaaaap NA																											
ABprpaaaap 0.0267	68	70	70	70	64	75	72	66	73	65	65	68	70	69	68	66	72	70	71	68	66	68	77	70	76	71	73
ABprpaaaapa NA																											
ABprpaaaapp NA																											
ABprpaaap 0.1493	46	47	48	47	45	48	49	46	46	46	49	48	46	46	49	46	48	48	46	49	45	48	44	46	48	46	45
ABprpaaapa 8e-04	93	92	94	92	88	95	94	94	95	92	89	95	94	102	89	99	101	89	93	100	91	90	101	103	108	110	108
ABprpaaapaa NA																											
ABprpaaapap NA																											
ABprpaaapp 0.0363	72	65	64	67	67	66	69	71	71	59	65	65	67	69	70	71	67	66	67	65	65	65	72	70	68	76	69
ABprpaaappa NA																			118		120	120					
ABprpaaappaa NA																											
ABprpaaappap NA																											
ABprpaaappp NA																											
ABprpaap 0	35	37	33	34	35	37	36	35	35	36	37	34	34	34	35	36	38	36	35	36	35	35	30	32	32	32	32
ABprpaapa 0.0025	50	49	48	51	49	52	51	50	51	49	50	48	49	49	51	51	48	48	50	50	48	49	44	46	48	46	47
ABprpaapaa 0.16	78	76	72	78	82	80	74	80	76	77	74	77	72	77	73	75	76	77	79	77	71	74	77	79	88	96	75
ABprpaapaaa NA																											
ABprpaapaap NA																											
ABprpaapap 0.0235	76	76	75	78	77	75	80	80	75	77	71	74	79	74	71	78	82	75	76	77	70	78	85	92	84	89	76
ABprpaapapa NA																											
ABprpaapapp NA																											
ABprpaapp 0.0127	46	46	42	46	43	49	48	48	46	46	46	43	44	47	49	47	43	44	46	49	45	48	43	45	45	44	42
ABprpaappa 0.0011	75	70	70	74	73	75	70	70	73	72	74	72	70	73	68	70	70	72	76	69	70	76	79	81	86	83	80
ABprpaappaa NA																											
ABprpaappap NA																											
ABprpaappp 0.0141	72	70	66	70	67	72	69	71	70	69	69	70	74	68	69	70	67	71	64	72	66	73	70	73	71	73	71
ABprpaapppa NA																											
ABprpaapppp NA																			115		94	105					
ABprpaappppa NA																											
ABprpaappppp NA																											
ABprpap 4e-04	31	29	28	29	30	28	29	29	28	29	32	28	31	29	28	30	29	30	28	28	30	29	26	27	25	26	26
ABprpapa 0.1464	38	37	36	36	37	37	38	36	36	35	37	36	37	34	36	37	40	37	35	34	38	37	35	38	34	36	34
ABprpapaa 1e-04	50	50	53	52	49	54	54	53	51	52	52	50	51	52	56	52	49	53	51	52	50	52	48	50	49	49	49
ABprpapaaa 0.5998	78	73	81	78	80	74	84	74	79	74	74	84	74	89	79	82	73	74	69	78	76	76	76	76	84	83	75
ABprpapaaaa NA																											
ABprpapaaap NA																											
ABprpapaap 0.0341	76	76	80	76	84	75	82	78	79	77	75	80	76	79	76	76	74	79	76	75	76	78	78	81	88	88	90
ABprpapaapa NA																											
ABprpapaapp NA																											
ABprpapap 0.1242	45	47	48	49	45	51	49	48	49	50	47	48	49	48	51	49	46	50	50	49	48	48	48	46	49	44	44
ABprpapapa 2e-04	65	68	67	69	66	69	67	66	68	65	63	67	67	65	66	70	67	66	69	66	66	65	73	72	71	72	69
ABprpapapaa NA																											
ABprpapapap NA																											
ABprpapapp 0.0014	68	71	70	69	69	69	70	70	73	67	65	72	70	67	64	71	70	70	69	68	66	65	73	72	73	76	74
ABprpapappa NA																											
ABprpapappp NA																											
ABprpapp 0.003	33	35	33	34	33	35	36	35	35	35	35	34	35	34	36	34	37	36	34	34	35	37	32	34	32	32	32
ABprpappa 0.1245	46	44	48	46	47	51	46	46	46	47	46	43	44	47	49	47	45	48	48	47	47	48	51	52	54	50	44
ABprpappaa 0.7774	65	68	62	68	62	68	70	71	68	69	65	69	67	64	69	68	66	70	66	68	66	66	56	68	74	76	66
ABprpappaaa NA																											
ABprpappaap NA																											
ABprpappap 0.2629	68	68	70	72	69	68	72	68	70	69	65	70	67	70	66	66	67	73	62	72	73	66	68	68	74	76	69
ABprpappapa NA																											
ABprpappapp NA																											
ABprpappp 0.1354	46	46	48	47	49	52	46	50	47	47	49	43	46	48	49	47	46	48	46	47	48	54	51	53	55	50	45
ABprpapppa 0.028	73	71	74	70	71	75	70	76	71	72	69	72	72	76	69	75	74	77	76	81	74	73	78	81	92	84	101
ABprpapppaa NA																											
ABprpapppap NA																											
ABprpapppp 0.2633	68	71	70	70	75	71	72	73	70	75	69	74	70	74	68	68	70	71	67	74	70	70	73	68	73	73	76
ABprpappppa NA																											
ABprpappppp NA																											
ABprpp 0.0079	28	27	27	27	30	27	26	27	26	25	28	26	26	27	26	26	28	27	26	27	27	26	23	26	22	21	24
ABprppa 0.0069	32	32	28	29	32	29	32	31	31	32	34	30	31	31	30	33	30	32	30	29	33	33	27	29	25	26	29
ABprppaa 0.0284	44	43	39	40	40	43	41	43	40	41	43	42	42	39	43	39	41	40	40	40	40	40	35	39	38	40	35
ABprppaaa 0.2022	51	55	53	54	54	55	57	54	54	54	55	55	56	55	56	54	52	55	55	53	55	56	59	54	54	57	57
ABprppaaaa 0.0091	60	66	63	60	62	60	62	63	62	59	63	59	64	62	63	60	57	62	61	59	58	62	67	63	67	63	67
ABprppaaaaa NA																											
ABprppaaaap NA																			93		86	92					
ABprppaaaapa NA																											
ABprppaaaapp NA																											
ABprppaaap NA																											
ABprppaap 0.2941	50	47	50	47	49	52	51	51	46	51	50	50	49	48	51	51	48	55	50	49	52	54	51	50	48	54	55
ABprppaapa 0.0935	85	89	83	88	82	85	87	81	91	80	81	85	83	90	79	82	86	84	79	81	90	84	93	87	108	85	91
ABprppaapaa NA																											
ABprppaapap NA																											
ABprppaapp 0.0011	76	72	78	79	73	72	80	78	86	80	71	74	74	79	83	71	77	80	74	78	72	73	91	87	92	82	91
ABprppaappa NA																											
ABprppaappp NA																											
ABprppap 0.0092	40	41	38	36	36	37	38	38	36	38	37	39	37	35	38	37	37	37	37	36	38	38	34	36	34	36	32
ABprppapa 0.7572	50	49	45	47	47	51	48	50	48	49	52	51	49	47	51	47	48	48	51	47	50	51	46	46	52	50	47
ABprppapaa 0.0201	67	65	66	65	66	74	69	68	70	65	68	70	70	69	71	66	70	70	71	72	70	70	84	74	78	77	71
ABprppapaaa NA																											
ABprppapaaaa NA																											
ABprppapaaap NA																											
ABprppapaap NA																											
ABprppapap 0.0726	95	93	83	88	88	86	82	89	94	85	92	89	98	108	89	90	95	89	93	87	99	84	104	96	93	98	90
ABprppapapa NA																											
ABprppapapp NA																											
ABprppapp 0.2061	48	52	52	54	50	58	52	54	54	54	56	55	52	52	56	56	52	55	51	55	52	56	49	52	55	52	52
ABprppappa 0.0184	80	79	77	74	77	75	72	80	78	72	75	75	83	86	73	72	76	80	76	77	81	74	93	87	90	93	77
ABprppappaa NA																											
ABprppappap NA																											
ABprppappp 0.0129	90	90	91	94	93	88	92	86	89	93	88	92	93	106	94	85	89	91	88	87	90	89	98	108	109	101	94
ABprppapppa NA																											
ABprppapppp NA																											
ABprppp 0.001	31	30	27	27	30	29	30	29	30	30	31	30	31	30	30	30	29	31	28	28	30	30	26	27	25	26	27
ABprpppa 0.0143	37	37	36	36	35	37	36	38	36	35	37	35	37	35	36	37	37	38	37	36	36	38	34	36	32	32	34
ABprpppaa 0.1432	50	49	47	47	49	48	49	48	49	47	50	52	51	53	49	49	50	51	51	49	50	49	41	50	49	46	47
ABprpppaaa 0.0252	73	76	80	79	75	75	80	80	75	74	72	74	84	82	76	82		80	77	74	73	74	90	79	85	91	80
ABprpppaaaa NA																											
ABprpppaaap NA																											
ABprpppaap 0.0206	78	79	77	83	75	81	80	83	76	75	68	78	81	86	81	82	76	77	74	78	75	74	85	79	87	81	89
ABprpppaapa NA																											
ABprpppaapaa NA																											
ABprpppaapap NA																											
ABprpppaapp NA																											
ABprpppap 0.2475	51	47	50	49	49	52	49	50	49	49	49	55	51	52	49	49	49	48	50	52	50	51	56	53	48	50	52
ABprpppapa 0.0245	55	54	52	56	55	57	56	56	56	52	54	54	55	55	53	51		55	52	52	52	54	68	65	56	57	63
ABprpppapaa NA																											
ABprpppapap NA																											
ABprpppapp NA																											
ABprpppp 0.0034	37	37	35	34	35	37	34	36	35	35	37	35	35	35	35	36	36	37	34	36	35	37	32	34	32	33	34
ABprppppa 0.4236	48	47	44	44	45	46	44	46	44	47	46	48	46	45	46	44	45	50	46	50	48	51	46	48	48	46	47
ABprppppaa 0.0062	68	70	74	72	73	69	76	73	73	75	71	70	77	74	73	71	70	71	71	75	70	70	77	79	77	76	73
ABprppppaaa NA																											
ABprppppaap NA																											
ABprppppap 0.0415	65	70	67	70	69	75	70	68	72	69	65	70	70	68	68	68	71	66	69	70	66	71	69	72	76	78	73
ABprppppapa NA																											
ABprppppapp NA																											
ABprppppp 0.137	51	46	48	49	47	49	48	50	51	49	49	50	49	48	51	49	48	50	45	50	52	54	51	50	55	64	50
ABprpppppa 0.3187	90	82	86	81	84	80	84	86	94	78	83	84	82	98	86	90	82	93	81	87	89	76	100	76	128		91
ABprpppppaa NA																											
ABprpppppap NA																											
ABprpppppp 0.965	65	74	67	67	64	64	66	73	73	70	68	70	74	72	66	70	66	65	64	65	70	68	64	68	69	74	66
ABprppppppa NA																											
ABprppppppp NA																											
C 0.0019	20	19	18		17	19	19	19	18	13	17	17	17	20	17	18	18	18	17	18	18	18	12	14	12	14	16
Ca 0.0259	25	26	25	25	28	24	26	26	23	24	24	26	26	22	24	23	23	24	24	24	24	25	20	24	18	20	22
Caa 0	35	37	34	31	39	36	32	31	39	32	35	30	31	30	30	30	33	30	30	29	35	34	26	27	25	27	29
Caaa 0.0978	37	41	33	45	40	40	46	38	30	37	40	36	39	36	36	36	38	40	37	36	40	37	34	38	30	34	38
Caaaa 0.9685	48	49	48	47	49	54	48	50	49	46	49	50	54	49	47	51	49	52	48	50	53	54	50	53	49	45	50
Caaaaa NA																											
Caaaap NA																											
Caaap 0.0721	43	44	42	49	49	51	44	48	43	46	44	45	51	42	46	46	49	47	45	48	50	48	43	45	39	40	47
Caaapa NA																											
Caaapp NA																											
Caap 0.5715	51	47	47	47	47	52	48	48	38	43	47	46	46	42	43	46	47	43	45	40	49	46	46	44	38	47	48
Caapa 0.9947	139	127	119	123	129	115	120	127	130	136	138	132	133	138	135	131	130	123	114	134	133	121	132	124	134	137	115
Caapaa NA																											
Caapap NA																											
Caapp 0.2531	53	55	50	47	58	51	49	54	55	54	53	55	61	53	56	51	55	56	56	56	58	51	51	50	45	55	56
Caappd NA																											
Caappv NA																											
Cap 0.0015	42	38	39	38	43	40	37	34	38	35	41	36	36	37	35	35	38	36	37	35	41	38	34	36	32	34	34
Capa 0.01	48	56	56	52	53	55	56	53	51	56	56	56	57	54	56	51	51	54	57	52	57	54	49	53	48	48	51
Capaa 0.0066	53	52	55	49	54	58	61	59	57	55	52	55	54	61	61	62	52	60	52	59	55	60	46	50	53	54	49
Capaaa 0.0499	75	86		80	81	78		73	76	77	80	84	86		84	80	79	80	76	81	78	74	80	80	86	86	83
Capaaaa NA																											
Capaaap NA																											
Capaap 0.0117	91	78		90		92		86	83		91	89	96		88		88	88	93	93	90	87	95	97	110	96	104
Capaapa NA																											
Capaapp NA																											
Capap 0.0033	60	52	58	52	49	57	61	59	60	60	54	58	58	62	57	62	52	57	55	59	55	59	46	50	53	54	51
Capapa 0.0196	83	86		92		86		84	79		78	85	89		83	82	83	82	84	80	88	82	94	92	94	88	85
Capapaa NA																											
Capapap NA																											
Capapp 0.1164	98	89		117				90			91		93		91	99		96	96	87	91	95	102	101	108	91	103
Capappa NA																											
Capappp NA																											
Capp 0.0231	45	44	45	43	51	46	48	46	43	48	49	47	47	45	50	46	47	47	45	47	49	48	44	46	41	40	43
Cappa 0.2477	50	52	52	60	52	55	57	53	59	57	50	55	52	61	54	56	51	53	55	56	55	52	50	52	52	52	57
Cappaa 0.7679	72	73	72	71	74	68	72	73	68	77	75	72	74	78	73	65	70	68	74	70	68	71	72	65	84	69	74
Cappaaa NA																											
Cappaap NA																											
Cappap 0.002	80	81	86	81	83	78	77	81	82	77	81	79	91		84	82	80	85	81	81	82	81	98	93	106	95	94
Cappapa NA																											
Cappapp NA																											
Cappp 0.5014	61	60	53	61	58	60	61	61	56	54	53	58	63	64	62	62	54	55	62	60	58	57	56	61	68	57	60
Capppa 0.0078	78	79		74	85	77	76	83	75	80	80	80	86		83	80	76	73	81	75	83	78	92	92		95	85
Capppaa NA																											
Capppap NA																											
Capppp 0.0226	101	89		96		97		98	84		91	87	103		103	97		90	96	90	86	95	113	99		104	103
Cappppd NA																											
Cappppv NA																											
Cp 0.2008	25	27	25	25	26	26	27	26	24	24	24	24	28	22	26	23	22	24	24	24	23	25	24	24	19	20	26
Cpa 0.0039	33	32	32	34	37	33	36	32	30	30	29	30	29	30	29	32	31	33	30	29	31	31	21	29	23	26	24
Cpaa 0.0234	33	37	43	36	39	46	44	35	34	35	36	35	37	34	35	33	36	39	36	33	37	35	34	34	32	29	35
Cpaaa 0.3946	54	50	47	49	54	54	51	51	49	55	53	51	56	54	52	54	52	53	55	53	51	60	54	46	56	60	60
Cpaaaa NA																											
Cpaaap NA																											
Cpaap 0.1186	50	49	50	47	50	48	48	46	44	42	53	47	54	51	47	46	49	51	50	48	50	51	41	45	50	48	42
Cpaapa NA																											
Cpaapp NA																											
Cpap 0.4409	38	40	43	43	44	48	43	37	37	37	36	37	35	35	36	34	38	37	39	36	37	37	35	43	37	33	37
Cpapa 0.3249	54	58	55	51	60	52	56	56	50	59	59	56	56	66	59	54	56	62	58	56	58	54	54	48	60	54	55
Cpapaa NA																											
Cpapap NA																											
Cpapp 0.0268	56	60	53	58	60	58	61	56	54	55	60	58	57	60	59	59	58	56	60	58	56	59	51	48	56	54	55
Cpappd NA																											
Cpappv NA																											
Cpp 0.0111	38	37	35	36	41	39	39	38	33	34	34	34	34	34	32	32	37	37	36	34	38	36	26	34	26	30	30
Cppa 0.0869	52	53	50	50	55	52	54	53	53	53	53	53	52	53	54	51	54	52	55	50	52	54	52	53	47	50	50
Cppaa 4e-04	56	54	55	52	56	57	57	58	56	62	56	63	58	56	62	59	52	60	57	55	57	56	46	48	52	48	51
Cppaaa 0.5462	78	87	77	71	79	84		76	79	77	78	77	84	88	88	75	77	77	74	80	73	76	92	76	83	80	74
Cppaaaa NA																											
Cppaaap NA																											
Cppaap 0.151	93	94		90		92			86		88		96		91	101	93	95	96	98	86	87	102	89	103	107	92
Cppaapa NA																											
Cppaapp NA																											
Cppap 0	58	57	58	54	56	58	56	63	56	62	56	60	56	58	62	59	52	60	60	59	58	62	53	52	51	52	51
Cppapa 0.0177	78	92		81	90	88		80	78		78	77	86	95	84	84	83	84	86	80	83	84	103	92	111	96	90
Cppapaa NA																											
Cppapap NA																											
Cppapp 0.068	98	90		96		94			89		94	91	103		104	101			86	90	90	90	111	95	120	101	99
Cppappa NA																											
Cppappp NA																											
Cppp 0.2458	46	47	44	43	44	48	41	43	45	46	44	46	46	43	46	45	44	43	47	43	46	48	44	48	37	39	43
Cpppa 0	53	50	52	52	54	54	57	53	52	59	53	55	49	52	54	54	51	53	55	55	52	56	48	48	49	47	47
Cpppaa 0.3731	70	72	70	67	71	68	72	68	65	67	66	65	67	69	69	66	68	72	71	71	68	68	75	70	68	72	66
Cpppaaa NA																											
Cpppaap NA																											
Cpppap 0.009	86	79	91	74	81	77	80	80	79	75	83	78	91	89	88	82	77	93	84	87	76	84	88	91	94	93	84
Cpppapa NA																											
Cpppapp NA																											
Cpppp 0.6531	59	57	55	52	56	57	61	59	60	57	59	60	56	61	61	58	56	57	57	59	56	62	54	57	59	58	59
Cppppa 0.1289	83	86	78	72	70	78	84	70	76	74	80	80	83	93	83	65	82	71	83	80	73	74	83	78	103	84	83
Cppppaa NA																											
Cppppap NA																											
Cppppp 0.0174	78	95		83	95	89	85	80	89		95	94	98		88	82	95	90	94	88	90	97	116	93	112	102	101
Cpppppd NA																											
Cpppppv NA																											
D 0	37	40	44	40	39	36	46	36	38	37	43	39	37	35	34	33	34	31	36	34	36	34	29	29	27	30	32
Da 0.1392	50	45	45	51	52	44	53	44	45	45	43	41	42	44	45	45	44	50	42	42	42	48	43	48	42	37	42
Daa 4e-04	54	52	55	46	50	54	56	53	46	49	58	48	45	53	51	54	49	52	48	44	49	60	44	48	42	44	43
Daaa 0.9296	62	57	66	56	64	60	58	63	62	64	59	65	62	65	56	61	61	62	62	60	59	63	49	56	64	55	79
Daaaa NA																											
Daaap NA																											
Daap 0.8362	65	63	67	63	67	63	62	69	63	69	63	68	65	72	63	64	64	68	70	60	67	63	57	62	66	64	76
Daapa NA																											
Daapp NA																											
Dap 0.0256	46	46	45	44	43	48	52	46	44	46	50	43	42	47	44	46	46	41	45	40	44	52	43	44	37	38	42
Dapa 0.0698	63	62	63	56	58	58	57	61	62	64	63	63	63	70	66	71	58	57	59	58	67	62	62	65	70	64	72
Dapaa NA																											
Dapap NA																											
Dapp 0.9934	57	56	56	56	58	52	56	63	59	60	54	58	60	64	61	62	58	58	59	55	57	59	52	62	62	58	57
Dappa 0.2216				84		82									81				86	86	86	90	87	90		84	92
Dappaa NA																											
Dappap NA																											
Dappp 0.0743				88		97									103				101	100	91	95	99	109		109	125
Dapppa NA																											
Dapppp NA																											
Dp 0.0265	53	45	43	51	50	44	41	46	42	47	45	41	44	48	45	48	44	50	44	42	47	47	41	46	41	39	42
Dpa 0.0163	53	49	53	51	49	54	57	50	46	51	56	46	51	48	48	48	50	48	51	47	49	52	46	48	46	39	40
Dpaa 0.3846	62	62	66	63	64	60	61	84	70	70	60	65	64	64	64	61	67	65	60	58	60	60	65	64	64	69	65
Dpaaa NA																											
Dpaap NA																											
Dpap 0.954	67	62	75	72	62	64	64	74	68	67	57	77	64	70	64	59	66	72	59	64	59	65	54	66	69	69	72
Dpapa NA																											
Dpapp NA																											
Dpp 0.0429	46	44	47	44	43	46	49	46	43	47	47	43	44	43	44	44	42	43	43	43	46	46	40	44	43	36	37
Dppa 0.2508	64	63	63	65	60	63	66	71	74	65	63	60	63	66	63	71	67	65	64	62	68	64	55	67	88	103	68
Dppaa NA																											
Dppap NA																											
Dppp 0.2648	57	55	58	58	58	61	61	61	62	59	62	62	62	60	54	64	62	63	59	56	60	57	63	60	61	75	58
Dpppa 0.3422		83		77		91									88				88	88	75	90	89	84		90	88
Dpppaa NA																											
Dpppap NA																											
Dpppp 0.4113				104											101				100	91	93	98		105			99
Dppppa NA																											
Dppppp NA																											
E 0.0069	20	14	18		15	18	19	17	15	10	12	13	19	18	17	18	18	20	19	16	18	16	9	14	14	14	13
EMS NA						14							14	14	14		14		14								
Ea 0.002	45	43	46	40	45	41	43	41	39	39	49	41	39	42	43	44	43	44	41	38	46	44	38	39	34	36	38
Eal 0.0247	47	45	42	45	47	45	47	47	44	46	51	47	48	47	45	48	44	47	46	46	45	47	46	41	38	42	43
Eala 0.005	67	64	67	65	65	66	67	68	65	64	65	63	71	73	70	68	63	69	70	70	67	68	74	74	70	75	80
Ealaa NA				120											134				132		132	136					
Ealaad NA																											
Ealaav NA																											
Ealap NA																											
Ealapa NA																											
Ealapp NA																											
Ealp 0.0725	69	64	70	67	65	69	69	64	73	67	70	68	71	73	75	74	66	69	75	79	66	67	87	72	73	80	71
Ealpa NA																											
Ealpp NA																											
Ealppa NA																											
Ealppp NA																											
Ear 0.0017	48	48	46	45	47	45	48	49	45	44	51	47	51	47	46	48	46	47	47	49	50	47	44	39	38	42	42
Eara 0.0618	69	68	72	67	72	74	67	74	73	72	74	62	74	77	79	70	68	72	74	76	68	71	93	81	73	81	74
Earaa NA				128											141				128		127	133					
Earaad NA																											
Earaav NA																											
Earap NA																											
Earapa NA																											
Earapp NA																											
Earp 0.0161	70	70	73	71	72	78	67	78	74	75	71	67	76	79	80	76	66	74	74	76	72	73	92	83	74	86	88
Earpa NA																											
Earpp NA																											
Earppa NA																											
Earppp NA																											
Ep 0	48	45	47	42	48	44	46	43	39	44	49	45	46	44	44	44	45	44	41	40	47	44	40	39	37	37	38
Epl 0.0986	51	51	50	45	52	52	50	46	47	47	48	50	49	51	46	50	46	48	51	46	47	45	44	51	41	44	43
Epla 0	70	65	69	72	68	66	67	73	78	70	70	70	69	77	74	76	63	72	75	73	67	73	82	81	86	82	81
Eplaa NA																											
Eplaaa NA																											
Eplaap NA																											
Eplap NA																											
Eplapa NA																											
Eplapp NA																											
Eplp 0.052	82	72	72	81	74	72	72	81	78	72	76	73	76	79	74	78	69	74	78	85	77	81	92	85	86	78	76
Eplpa NA																											
Eplpaa NA																											
Eplpap NA																											
Eplpp NA				124											146				137		129	135					
Eplppa NA																											
Eplppaa NA																											
Eplppap NA																											
Eplppp NA																											
Eplpppa NA																											
Eplpppp NA																											
Epr 8e-04	53	48	55	47	52	54	58	49	47	47	48	48	48	47	46	48	47	50	47	48	47	50	46	46	42	42	43
Epra 0.0121	69	73	69	67	72	71	75	78	71	70	74	73	76	78	69	76	68	76	78	78	74	76	102	88	86	86	80
Epraa NA																											
Epraaa NA																											
Epraap NA																											
Eprap NA																											
Eprapa NA																											
Eprapp NA																											
Eprp 0.1948	80	78	75	79	85	77	72	83	78	77	80	78	81	87	76	81	75	81	81	82	79	78	97	83	78	80	85
Eprpa NA																											
Eprpaa NA																											
Eprpap NA																											
Eprpp NA				137											149				152		144	146					
Eprppa NA																											
Eprppaa NA																											
Eprppap NA																											
Eprppp NA																											
Eprpppa NA																											
Eprpppp NA																											
MS 0.0217	18	13	18		13	16	17	15	13	8	12	13	18	16	17	16	17	17	17	16	16	15	8	10	12	14	13
MSa 0.0117	23	21	22	20	24	21	22	22	21	22	20	20	21	20	19	21	20	22	20	21	23	21	18	20	16	17	19
MSaa 0.001	28	27	24	25	28	25	27	27	24	24	28	24	26	26	24	26	28	27	27	24	26	28	21	24	20	23	22
MSaaa 0.0192	31	28	30	31	34	29	30	30	31	30	30	30	31	28	32	31	30	31	30	29	31	31	28	29	25	27	29
MSaaaa 0	34	33	33	32	32	31	33	33	33	33	32	33	32	31	33	32	34	33	32	32	32	32	27	29	27	29	29
MSaaaaa 0.0203	38	41	39	38	40	42	39	41	41	41	40	43	40	39	41	41	42	41	40	40	42	40	40	36	36	37	39
MSaaaaaa 0.7215				133											156				148	146	149	146	149	118			157
MSaaaaaal NA																											
MSaaaaaar NA																											
MSaaaaap 0.8323	47	51	48	47	49	51	48	51	49	49	48	50	48	55	48	47	47	48	49	48	47	48	49	48	48	48	52
MSaaaaapa 0.045	72	73													78	77			79	72	65	76	75	80	82	76	83
MSaaaaapaa NA																											
MSaaaaapap NA																											
MSaaaaapp NA																											
MSaaaap 0.1065	43	44	42	44	43	43	44	43	47	46	43	46	44	47	47	44	45	48	45	44	47	43	46	40	39	43	42
MSaaaapa 0.6286	60	60	62	58	60	58	54	58	62	57	63	55	60	64	63	58	57	62	60	59	60	59	63	53	59	64	54
MSaaaapaa NA																											
MSaaaapap NA																											
MSaaaapp 0.9828	70	79	75	78	68	77	69	78	76	74	74	72	70	82	68	80	67	67	71	71	73	70	83	66	74	78	64
MSaaaappa NA																											
MSaaaappp NA																											
MSaaap 5e-04	37	38	36	38	36	34	34	36	36	36	35	38	35	36	35	36	38	37	39	37	35	35	30	31	29	33	30
MSaaapa 0	38	38	36	38	41	38	38	36	40	39	40	36	39	36	41	37	39	41	35	39	39	40	35	36	36	36	36
MSaaapaa 0.823	54	54	56	52	60	54	52	53	51	52	53	55	50	49	54	53	56	57	47	59	57	54	56	50	56	65	47
MSaaapaaa NA																								80			79
MSaaapaaaa NA																											
MSaaapaaap NA																											
MSaaapaap NA																											
MSaaapap 0.4382	65	62	61	63	68	58	57	60	62	57	59	62	62	61	54	63	60	61	59	61	60	57	54	59	62	65	54
MSaaapapa NA																											
MSaaapapp NA																											
MSaaapp 0.0909	71	70	75	68	76	77	62	81	76	72	73	76	75	69	75	83	84	72	68	75	78	73	68	64	62	79	57
MSaaappa NA																											
MSaaappp NA																								105			
MSaaapppa NA																											
MSaaapppp NA																											
MSaap 0.0059	31	30	31	31	32	29	32	29	31	30	30	32	31	30	32	31	28	31	30	29	31	31	28	29	26	27	29
MSaapa 7e-04	32	34	31	31	32	31	33	33	33	34	34	33	32	32	32	32	34	33	32	33	33	33	29	31	29	30	30
MSaapaa 0.8335	40	38	40	37	40	42	41	40	43	41	38	40	39	39	39	41	39	42	40	40	39	40	35	40	39	43	40
MSaapaaa 0.0419	57	57	58	58	64	61	67	58	59	60	57	62	60	59	58	59	60	60	59	59	62	55	69	59	69	68	62
MSaapaaaa NA																											
MSaapaaap NA																											
MSaapaap 0.0591	52	51	52	54	58	57	59	55	54	52	54	52	53	57	50	53	54	53	54	52	53	49	64	55	60	67	54
MSaapaapa 0.815															109				117		115	114		117			108
MSaapaapaa NA																											
MSaapaapap NA																											
MSaapaapp NA																											
MSaapap 0.0089	51	47	48	45	49	49	52	50	51	51	47	52	49	52	54	51	48	48	48	55	50	49	45	45	45	49	47
MSaapapa 0.2852				126											116	121	122		113	112	125	112	115	126		128	122
MSaapapaa NA																											
MSaapapap NA																											
MSaapapp 0.0247	64	64	63	62	66	64	66	61	67	59	60	65	62	69	61	65	60	62	64	62	63	60	76	66	76	66	70
MSaapappa NA																											
MSaapappp NA																											
MSaapp 0.7053	40	41	39	39	40	42	39	41	43	44	43	44	39	43	43	46	44	42	44	42	43	44	43	36	40	46	42
MSaappa 0.2321	84	85	88	88	89	92	84	86	90	88	82	92	82	90	87	80	86	77	84	85	84	76	82	79	70	83	90
MSaappaa NA																											
MSaappap NA																											
MSaappp 0.0689	73	74	74	72	72	91	74	83	78	72	78	73	75	81	76	76	71	74	74	72	84	70	85	86	88	84	71
MSaapppa 0.0566	85	78		87											88				88	81	78	94	90	101			99
MSaapppaa NA																											
MSaapppap NA																											
MSaapppp NA				107											113				106	114	108	108		125			
MSaappppa NA																											
MSaappppp NA																											
MSap 0.0013	32	28	29	29	30	27	29	27	28	27	31	28	30	28	27	30	31	30	27	25	31	30	24	26	22	24	26
MSapa 0.1154	34	33	31	32	36	32	32	32	31	30	32	32	32	31	31	33	31	32	33	32	31	31	29	32	26	27	32
MSapaa 2e-04	38	40	39	36	38	37	38	38	38	39	37	37	37	38	41	38	38	38	37	37	38	41	34	36	34	34	35
MSapaaa 0.0381	48	50	47	51	49	48	48	51	49	47	46	50	48	47	51	47	49	47	53	46	49	49	45	45	45	49	46
MSapaaaa NA				124															142		134	130		151			
MSapaaaad NA																											
MSapaaaav NA																											
MSapaaap NA																											
MSapaap 0.1453	74	74	59	66	69	75	70	73	70	69	70	70	70	65	72	74	71	67	75	69	75	71	69	66	67	69	71
MSapaapa NA																											
MSapaapp NA																											
MSapap 0.1719	38	38	37	36	40	38	39	40	38	38	37	37	37	36	38	36	41	38	39	37	36	40	37	34	40	36	34
MSapapa 0.0013	50	46	50	47	49	46	49	46	47	49	46	46	48	54	51	50	45	56	48	47	45	54	47	41	44	43	44
MSapapaa NA																											
MSapapaaa NA																											
MSapapaap NA																											
MSapapap NA																											
MSapapp 0.0039	56	58	61	58	56	61	59	56	59	56	58	53	60	60	57	61	58	62	58	53	58	64	51	52	56	52	56
MSapappa NA																											
MSapappp NA																											
MSapp 0.0542	34	33	32	34	36	34	36	32	31	30	32	32	32	32	33	31	31	33	33	32	32	34	29	32	27	30	32
MSappa 0	46	46	44	41	43	40	39	44	44	46	44	46	46	42	48	49	47	45	47	42	48	44	40	41	39	38	38
MSappaa 0.4867	65	64	67	66	67	71	66	66	70	64	63	65	65	62	66	64	64	60	59	66	60	65	72	61	63	74	63
MSappaaa NA																											
MSappaap NA																											
MSappap 0.2065	73	72	75	73	74	80	72	73	78	72	66	75	82	74	84	83	82	77	79	69	72	74	85	72	89	84	73
MSappapa NA																											
MSappapp NA																											
MSappp 1e-04	49	50	52	48	49	52	51	46	49	51	49	47	49	44	48	48	50	47	44	43	49	47	40	43	40	42	43
MSapppa 0.055	57	58	61	56	56	63	67	63	59	56	55	56	56	53	59	57	58	61	60	65	56	60	74	78	63	89	60
MSapppaa NA																											
MSapppap NA																											
MSapppp 0.1644	68	65	72	61	67	69	66	68	62	60	63	61	60	62	61	62	60	63	64	65	59	62	68	76	60	75	65
MSappppa NA																											
MSappppp NA																											
MSp 0.0152	23	22	22	22	24	21	24	22	21	22	21	20	23	20	19	21	20	22	20	21	23	21	18	20	16	20	19
MSpa 0.0136	28	26	27	25	28	25	24	26	24	25	28	26	26	26	26	28	28	27	26	24	26	26	21	26	20	20	22
MSpaa 0.0029	32	30	30	31	34	31	33	31	33	32	32	30	32	30	31	31	33	31	31	29	31	32	26	29	26	27	29
MSpaaa 0.0017	34	32	31	31	31	31	31	35	33	32	32	33	32	32	31	32	34	33	32	32	33	33	29	31	29	27	29
MSpaaaa 0.0184	38	41	38	38	42	40	41	40	41	41	38	40	39	40	42	39	39	41	40	42	39	40	37	38	36	40	36
MSpaaaaa 0.0686	93	99		97	104	94	100	99	97	100	94	94	93	100	109	94	95	93	96	94	91	89	99	99	122	104	119
MSpaaaaaa NA																											
MSpaaaaap NA																											
MSpaaaap 0.0199	54	53	53	52	56	55	57	53	56	51	53	62	52	57	51	54	54	61	57	56	53	51	56	62	59	62	57
MSpaaaapa NA																											
MSpaaaapp NA																											
MSpaaap 0.0032	40	43	40	42	43	44	44	43	43	44	43	45	42	43	44	44	42	44	43	43	42	43	42	41	41	40	39
MSpaaapa 0.0024	88	89	81	81	79	84	85	86	84	80	81	87	88	89	91	83	83	77	86	84	84	82	108	92	104	97	101
MSpaaapaa NA																											
MSpaaapap NA																											
MSpaaapp 0.002	55	54	53	52	51	55	56	53	54	56	53	58	55	57	54	58	51	57	57	54	54	51	62	61	63	67	59
MSpaaappa NA																											
MSpaaappp NA																											
MSpaap 1e-04	42	41	39	36	38	38	34	40	38	39	40	39	39	39	38	41	43	41	39	42	38	41	35	36	33	33	34
MSpaapa 0.0094	42	43	42	42	42	43	44	41	43	46	40	43	41	44	46	42	42	43	43	42	45	41	42	40	40	42	39
MSpaapaa 0.0139	86	89	83	94	88	82	77	84	81	80	81	85	86	98	83	85	89	99	83	93	86	79	105	89	115	103	101
MSpaapaaa NA																											
MSpaapaap NA																											
MSpaapap 0.0056	62	56	56	58	60	55	59	56	56	57	56	60	58	61	58	56	60	62	59	58	58	51	71	63	67	62	66
MSpaapapa NA																											
MSpaapapp NA																											
MSpaapp NA																											
MSpap 0.0072	32	30	30	29	32	29	32	31	31	30	30	32	29	30	31	31	30	32	31	30	31	32	28	29	26	26	29
MSpapa 3e-04	34	32	33	32	32	32	33	33	32	34	32	31	34	32	33	32	36	33	32	32	35	33	29	31	29	30	29
MSpapaa 0.6664	38	40	38	38	40	40	44	43	41	41	41	42	41	39	39	40	42	41	38	40	40	40	38	43	44	40	39
MSpapaaa 0.0903	58	59	60	58	60	60	64	56	62	64	53	60	59	61	63	59	60	61	55	61	60	57	71	63	67	65	57
MSpapaaaa NA																											
MSpapaaap NA																											
MSpapaap 0.1119	52	53	53	54	56	54	54	53	54	52	54	55	52	55	56	53	54	53	50	54	52	52	58	59	60	57	50
MSpapaapa 0.5434																			110		123	113		116			103
MSpapaapaa NA																											
MSpapaapap NA																											
MSpapaapp NA																											
MSpapap 0.0993	48	49	47	45	49	49	49	48	47	52	47	50	49	51	47	51	49	46	52	49	52	51	45	50	46	48	44
MSpapapa 0.1685	108	107		126			92	109			109				114	111			113	122	104	109	137	102	126	111	128
MSpapapaa NA																											
MSpapapap NA																											
MSpapapp 0.0041	62	62	60	60	62	63	67	63	62	69	60	62	58	69	58	63	64	62	64	65	58	63	73	67	70	66	70
MSpapappa NA																											
MSpapappp NA																											
MSpapp 0.5285	43	43	37	39	42	42	44	41	40	46	43	44	42	43	41	43	41	42	45	42	41	44	41	44	37	43	40
MSpappa 0.0256	89	88	91	86	89	94	89	89	89	80	85	83	89	86	97	90	86	93	79	88	94	84	135	98	114	100	109
MSpappaa NA																											
MSpappap NA																										68	
MSpappapa NA																											
MSpappapp NA																											
MSpappp 5e-04	70	72	61	75	72	80	75	64	73	70	78	75	66	70	72	68	81	74	69	74	75	65	80	79	87	81	86
MSpapppa 0.3489		82		87				84							86	85			86	87	78	84		92		82	104
MSpapppaa NA																											
MSpapppap NA																											
MSpapppp NA				100											104				106	107	93	101		98			
MSpappppa NA																											
MSpappppp NA																											
MSpp 9e-04	30	28	29	31	32	27	29	29	28	27	29	28	28	28	29	30	29	30	27	25	28	30	26	26	25	23	26
MSppa 0.0457	34	31	32	31	32	34	33	32	31	30	32	32	32	31	31	33	33	32	33	32	32	34	29	32	27	27	30
MSppaa 0	40	40	36	39	42	37	38	40	38	39	37	39	39	38	40	38	40	41	39	37	38	40	35	34	34	34	35
MSppaaa 7e-04	48	47	45	46	47	49	44	46	46	47	46	50	47	46	48	44	45	48	47	44	45	46	45	45	46	45	44
MSppaaaa 0.8536				130											142				130	132	127	120	130	129		124	142
MSppaaaad NA																											
MSppaaaav NA																											
MSppaaap NA																											
MSppaap 0.3847	70	71	69	72	67	81	64	71	78	69	67	70	75	70	70	68	70	66	77	74	71	76	75	64	75	62	64
MSppaapa NA																											
MSppaapp NA																											
MSppap 0.0033	37	38	36	36	42	37	38	38	36	38	37	37	37	38	40	38	37	38	37	34	38	38	34	34	30	34	32
MSppapa 0	50	47	48	45	52	51	46	50	46	47	44	50	48	49	51	49	48	50	47	46	47	48	43	43	44	45	44
MSppapaa NA																											
MSppapaaa NA																											
MSppapaap NA																											
MSppapap NA																											
MSppapp 0.9543	56	54	56	54	63	60	59	56	57	57	53	63	56	58	57	59	58	63	60	59	57	60	67	54	54	59	56
MSppappa NA																											
MSppappp NA																											
MSppp 0.0358	32	30	32	33	34	34	35	32	32	32	32	34	34	32	31	33	31	33	33	33	31	34	29	32	26	27	30
MSpppa 0	41	40	39	41	42	42	38	43	41	41	41	44	44	40	48	41	46	43	42	40	44	46	38	39	39	38	37
MSpppaa 0.1645	63	61	59	65	67	69	72	68	63	64	63	65	65	64	72	66	66	67	67	60	62	67	63	66	68	74	73
MSpppaaa NA																											
MSpppaap NA																											
MSpppap 0.0413	79	72	70	72	76	80	79	73	70	73	70	78	70	72	67	71	73	71	74	69	65	71	80	72	75	78	78
MSpppapa NA																											
MSpppapp NA																					162						
MSpppp 5e-04	48	46	45	41	50	52	46	49	44	44	52	52	52	47	52	46	52	47	50	46	49	54	44	41	41	38	42
MSppppa 0.0135	62	58	56	61	63	62	59	54	60	55	57	60	58	61	56	59	60	63	60	59	59	59	66	67	71	76	84
MSppppaa NA																											
MSppppap NA																											
MSppppp 0.054	66	60	60	61	67	68	70	61	68	65	58	63	70	65	64	64	66	65	64	65	63	64	68	74	74	71	92
MSpppppa NA																											
MSpppppp NA																											
P0 NA																											
P1 NA															14												
P2 NA						18							19	16	17		18		19								
P3 0.0187	28	27	25		24	27	27	26	24	20	24	24	26	24	24	23	26	25	26	25	24	25	18	22	18	22	24
P4 0.0068	78	80	66	65	66	67	72	68	67	66	64	64	64	62	61	58	67	65	57	60	61	59	58		56	59	63
Z2 NA																											
Z3 NA																											
ABplaappppa NA																											
ABplaappppp NA																											
MSpppappa NA																											
MSpppappp NA																											
P NA																											
